0.6504254563489044
0.6504254563489044
0.6504254563489044
0.6504254563489044
0.6504254563489044
0.6504254563489044
0.6504254563489044
0.6504254563489044
0.6504254563489044
0.6504254563489044
0.6504254563489044
0.6504254563489044
0.6504254563489044
0.6504254563489044
0.6504254563489044
0.6504254563489044
0.6504254563489044
0.6504254563489044
0.6504254563489044
0.6504254563489044
0.6504254563489044
0.6504254563489044
0.6504254563489044
0.6504254563489044
0.6504254563489044
0.6504254563489044
0.6504254563489044
0.6504254563489044
0.6504254563489044
0.6504254563489044
0.6504254563489044
0.6504254563489044
0.6471951299116456
0.533926164618356
0.5147333697939427
0.5126595873587431
0.5126595873587431
0.5126732451805844
0.5125436798747992
0.5125243338573733
0.5125243338573733
0.5125080396017099
0.5125079400712934
0.5125066342006352
0.5125066712014588
0.512506568837429
0.5125065688331931
0.5125065688331931
0.5125065688331931
0.5125065688331931
0.5125065814214441
0.5015975673488161
0.5015975673488161
0.5015975673488161
0.5015975673488161
0.47845605341351966
0.463781093361822
0.46278173900838904
0.4579691808075012
0.4579691808075012
0.4579691808075012
0.4539496692507863
0.4516373403332715
0.4516373403332715
0.4374845531497946
0.4365199760676013
0.4365199760676013
0.4365199760675876
0.4365199760675876
0.4365199760675876
0.4365199760675876
0.4365199760675876
0.4365199758033481
0.43526408733292016
0.435262567577884
0.435262567577884
0.435262567577884
0.435262567577884
0.435262567577884
0.435262567577884
0.4352588129436831
0.4352588129436831
0.4352588129434836
0.4352588129434836
0.43525144253112147
0.43525144253112147
0.43509982467522096
0.43509525780960606
0.4350471766288229
0.43503349286573156
0.4350333136490699
0.4350336366291292
0.4350336366291292
0.4350336366291292
0.4333689922551253
0.4331925343100313
0.43301578806257
0.4329448678293399
0.4329323839743565
0.4329314443339915
0.43292934734486344
0.43292854021541105
0.43292764487078206
0.43292758776473594
0.432893066992603
0.4328911384677785
0.43289014067481946
0.432890132097876
0.43288132894982656
0.4328331332039159
0.4328331332039159
0.4328327023477092
0.4328200422702148
0.432820034856531
0.4328164378322843
0.432812776498376
0.4328108918136639
0.4328097392759463
0.43280955410300753
0.43280955410300753
0.4328090454958113
0.4327488798665773
0.4327486526503918
0.4327486526503918
0.43274865043476674
0.4327479692386531
0.4327465981919263
0.43273825277946165
0.43273810189382017
0.43273810189382017
0.43273808207999964
0.432737179098459
0.432737179098459
0.4327364081994609
0.4327364081994609
0.4325851161928965
0.4325850367663292
0.4325850367663292
0.4325850367663292
0.4325850367663292
0.432584973034839
0.4325708479208895
0.432570575699116
0.432570575699116
0.43256997032347444
0.43256939728706856
0.43256939728706856
0.43256939728706856
0.43256939728706856
0.43256929439419295
0.43256929439419295
0.43256929439419295
0.4325685794945529
0.43256762423151746
0.43256762423151746
0.43256762423151746
0.43256762423151746
0.43256762423151746
0.43256762423151746
0.4325675175894459
0.43256742304963547
0.43256742304963547
0.43256742304963547
0.4325662028709017
0.4325662028709017
0.4325662028709017
0.4325662028709017
0.4293569119124273
0.42925037942222394
0.42925037942222394
0.42922899366574707
0.4292119010420115
0.4292119010420115
0.42921190083427474
0.42921190083427474
0.42921190083427474
0.42890642633487164
0.42290961004757915
0.4228775304531711
0.4228775304531711
0.42286484027351173
0.42286484027351173
0.42118667836347207
0.42118667836347207
0.42118667840229584
0.42088546462412696
0.4207884249611703
0.42034279238412464
0.42034279238412464
0.42034279238412464
0.42031749249713246
0.42031749249713246
0.42031749249713246
0.42031749249713246
0.42031148115661665
0.42031148115661665
0.42031148115661665
0.42030504646962435
0.4203047304938668
0.42030301879809906
0.42030301879809906
0.42030301879809906
0.42030301879809906
0.4202603162779298
0.4202603162779298
0.4202117607708513
0.4202117607708513
0.42019522574695933
0.42019485827606556
0.42014764621283446
0.4201474925035974
0.4201469221133659
0.42014693562001515
0.4201377243487059
0.42012703075719254
0.42012703075719254
0.4199406922939032
0.41993571875424907
0.4198830474894368
0.4198830474894368
0.4198830474894368
0.4198830474894368
0.4198830474894368
0.4198830474894368
0.4198830474894368
0.4198830474894368
0.4198830474894368
0.4198830474894368
0.4198830474894368
0.4198830474894368
0.4198830474894368
0.4198830474894368
0.4198830474894368
0.4198830474894368
0.4198830474894368
0.4198830474894368
0.4198830474894368
0.4198830474894368
0.4198830474894368
0.4198830474894368
0.4198830474894368
0.4198830474894368
0.4198830474894368
0.4198830474894368
0.4198830474894368
0.4198830474894368
0.4198830474894368
0.4198830474894368
0.4198830474894368
0.4198830474894368
0.4198830474894368
0.4198830474894368
0.4198830474894368
0.4198830474894368
0.4198830474894368
0.4198830474894368
0.4198830474894368
0.4198830474894368
0.4198830474894368
0.4198830474894368
0.4198830474894368
0.4198830474894368
0.4198830474894368
0.4198830474894368
0.4198830474894368
0.4198830474894368
0.4198830474894368
0.4198830474894368
0.4198830474894368
0.4198830474894368
0.4198830474894368
0.4198830474894368
0.4198830474894368
0.4198830474894368
0.4198830474894368
0.4198830474894368
0.4198830474894368
0.4198830474894368
0.4198830474894368
0.4198830474894368
0.4198830474894368
0.4198830474894368
0.4198830474894368
0.4198830474894368
0.4198830474894368
0.4198830474894368
0.4198830474894368
0.4198830474894368
0.4198830474894368
0.4198830474894368
0.4198830474894368
0.4198830474894368
0.4198830474894368
0.4198830474894368
0.4198830474894368
0.4198830474894368
0.4198830474894368
0.4198830474894368
0.4198830474894368
0.4198830474894368
