ID: 20231201012837_24

Problem: dtlz7
Number of objects: 3
Number of variables: 3
Algorithm choice: 2
Maximum number of function evaluations: 300

IGD: 0.4198830474894368
GD: 0.0089527861700348
HV: 0.5917137334138329
Time cost: 1916.7182400226593

non_dom_solutions:
[1.1291822399515354e-08, 0.7923131421646679, 2.2757489209074278e-09]
[1.1291822399515354e-08, 1.1879166311152329e-09, 2.2757489209074278e-09]
[0.24848034881822287, 0.6479910593100547, 0.0006259102984406652]
[0.20965530767533824, 0.7364540194161489, 9.901736486121748e-08]
[0.2772571371925802, 0.71874195786808, 2.15710566283645e-05]
[1.1291822399515354e-08, 0.6405903181975402, 2.2757489209074278e-09]
[0.004491352451476763, 0.6948215008063675, 9.901736486121748e-08]
[0.29091145495056014, 0.8621140013881904, 0.00010602357409484047]
[0.22034685623501268, 0.70145290412924, 0.0006269920807231572]
[1.1291822399515354e-08, 2.1014894041022142e-09, 5.975856269291408e-10]
[0.25126107027705047, 0.8322185489399411, 4.155809838231783e-06]
[0.25581125989630576, 0.8313256289491068, 6.223862600796397e-05]
[0.25583682733501506, 0.8313256289491068, 3.300382037716199e-07]
[0.25581125989630576, 0.8313948165454766, 3.2085934976726224e-05]
[0.25583682733501506, 0.8313654778795954, 3.300382037716199e-07]
[0.25583682733501506, 0.8312957138356756, 3.300382037716199e-07]
[0.25583682733501506, 0.8312911124110836, 3.300382037716199e-07]
[0.259621163275082, 0.8291234289634963, 4.146769934495156e-06]
[9.466618300544553e-09, 2.6566728588667882e-09, 6.084319697369223e-10]
[0.25126107027705047, 0.7237331020342225, 4.155809838231783e-06]
[0.24628045251499847, 0.8322185489399411, 4.155809838231783e-06]
[0.24613258486389475, 0.8322185489399411, 4.155809838231783e-06]
[0.24456029983395866, 0.8322185489399411, 2.2361811176537814e-08]
[0.2441207003336865, 0.8322185489399411, 7.314079583087373e-08]
[0.2441207003336865, 0.8322185489399411, 7.314079583087373e-08]
[0.2013436674972786, 0.8026046436994738, 2.412338549404036e-09]
[0.19649883616036243, 0.8022457841213362, 4.155809838231783e-06]
[0.1915286321479091, 0.8025778446824393, 1.7318323379552194e-06]
[0.21493722865190934, 0.8062113592574746, 7.370153312870874e-08]
[0.21011819712421076, 0.8071632275929461, 7.314079583087373e-08]
[0.1944023144063705, 0.8019785690163753, 4.155809838231783e-06]
[0.19203262716277825, 0.8024781514671032, 0.00010602357409484047]
[0.20814440411751522, 0.8063658186436459, 7.314079583087373e-08]
[0.19652731315376643, 0.8033023062471665, 5.213834191102031e-10]
[0.1999482356086072, 0.8029274316838508, 5.057239546557801e-07]
[0.22433961422246518, 0.8063378469654064, 7.230352191433323e-10]
[0.2066907389010355, 0.8035264179427583, 2.2361811176537814e-08]
[0.19994446690210038, 0.804224840059025, 4.1850172894789015e-06]
[0.21118516160450151, 0.8069429423843154, 6.084319697369223e-10]
[0.19514107393418118, 0.8048399067740191, 2.039473585891503e-09]
[0.1952911253186067, 0.8091918372051012, 1.9435277029746977e-09]
[0.20303299680982168, 0.8046981171445379, 0.00010415742384489477]
[0.2032062458413587, 0.8076434912336424, 4.966540897398075e-08]
[0.19852207965380397, 0.8108263069550368, 4.155809838231783e-06]
[0.1990923129503593, 0.8029629659477002, 2.957733884201286e-11]
[0.2128966669800132, 0.8037368074899464, 2.1462844780299835e-08]
[0.20804081157328752, 0.809563701483851, 3.85159569168958e-10]
[0.2212327201278772, 0.807953485718667, 3.5794569941295256e-08]
[0.22325823335381925, 0.8057489691575795, 7.314079583087373e-08]
[0.21158433627109885, 0.8084699672019646, 8.914367443953576e-07]
[0.21328663653871413, 0.8059601646086568, 4.155809838231783e-06]
[0.2068661541603641, 0.8030311242716103, 4.155809838231783e-06]
[0.19002012839288596, 0.808444139293505, 7.31112840256813e-08]
[0.2096921304744065, 0.8046963101108818, 4.199347549442896e-06]
[0.21042805086112282, 0.805400456856775, 7.314079583087373e-08]
[0.207369180009497, 0.8045656891589027, 1.0437537263797281e-07]
[0.20965273857992495, 0.8095551764596974, 2.2218629728484743e-08]
[0.21889222986218537, 0.8045461061612403, 9.483995692250106e-08]
[0.20438295162563702, 0.8121865829684008, 5.390859244559599e-08]
[0.20468088829648567, 0.8088562866862647, 7.300591211937284e-08]
[0.21244607320982414, 0.8059391479272848, 7.314079583087373e-08]
[0.21369820752128432, 0.8057258324739708, 7.314079583087373e-08]
[0.19766139820135598, 0.8018052238188895, 2.3472548821581817e-08]
[0.2095596446579429, 0.8094039164553283, 7.314079583087373e-08]
[0.20396951935818444, 0.802335065576789, 7.314079583087373e-08]
[0.20091657547847952, 0.8055574173035859, 4.155809838231783e-06]
[0.18617295472046758, 0.8010769759707164, 7.371067132827933e-08]
[0.2035230436501061, 0.8045751370428922, 5.1375903757641314e-08]
[0.19773423153721448, 0.8100076560789796, 5.306805974071616e-05]
[0.2022664256838147, 0.8035955724971818, 2.2361811176537814e-08]
[0.19331797467058287, 0.8036245197427277, 4.0847529179178195e-09]
[0.2062248155749116, 0.8046732139568317, 1.354444209308674e-06]
[0.21099653790823591, 0.8143881296425468, 7.314079583087373e-08]
[0.18856692632709615, 0.8036132798025208, 3.786956875836034e-06]
[0.2049308268267539, 0.8037390044622266, 1.5140846405801344e-07]
[0.24397142755381218, 0.8322185489399411, 4.155809838231783e-06]
[0.21512006113116522, 0.8099289159908565, 1.7831423914069155e-08]
[0.21848235853100872, 0.805758770064696, 7.314079583087373e-08]
[0.207169967301726, 0.8078422395658986, 4.155809838231783e-06]
[0.20812723547010148, 0.8057336193272188, 1.1387006566809938e-07]
[0.22385904473175083, 0.8068031472498393, 5.210846537047654e-08]
[0.21351786426536928, 0.8063844590071341, 1.0556956142687674e-07]
[0.2037224485338095, 0.8048559850080793, 7.496002112600785e-09]
[0.22116094837618885, 0.8048373804425774, 4.155809838231783e-06]
[0.21774336525806592, 0.8108816743447518, 1.5166284101468859e-09]
[0.21409054125898797, 0.8068634406311883, 1.284630094692754e-06]
[0.202310360537263, 0.803741969185704, 4.150411371580127e-06]
[0.21024460957471652, 0.8067923405932728, 9.991990550933805e-10]
[0.20586890837670102, 0.8062549615401937, 8.674984331619657e-10]
[0.20306586547394972, 0.8103819285286176, 4.155809838231783e-06]
[0.21435174216489178, 0.8049996543599776, 4.155809838231783e-06]
[0.21969731343442245, 0.8052248382322039, 2.2361811176537814e-08]
[0.2046013250716781, 0.8030625374339224, 3.5002043922596315e-09]
[0.20555067474232036, 0.8078569387210783, 7.491405918934991e-08]
[0.18913002005996907, 0.8008626713561238, 7.314079583087373e-08]
[0.21085483356651177, 0.8079431119661014, 4.155809838231783e-06]
[0.20403532552767822, 0.8074592913887557, 4.120322672199555e-06]
[0.20890583024221238, 0.8077635804433594, 6.773467302567875e-10]
[0.30865646065219876, 0.7756268200238923, 4.121813130355442e-06]
[0.2441207003336865, 0.7423801845326217, 2.235090420947444e-06]
[0.2653927426408161, 0.7533157071988095, 0.00010537997758616025]
[0.26019996463367173, 0.7541941276812919, 7.314079583087373e-08]
[0.270360833293676, 0.7486478402217295, 2.7710745431260132e-08]
[1.1289342168184423e-08, 2.6566728588667882e-09, 2.1005152998909704e-10]
[0.26330724292442964, 0.7519422274774795, 3.85159569168958e-10]
[0.24412655637073125, 0.640966498499093, 4.155809838231783e-06]
[0.3055813757751016, 0.677182722400807, 4.053093269613527e-06]
[0.24412655637073125, 0.7003393976255161, 3.346643329767596e-06]
[0.24456135507792667, 0.7224397451576671, 7.542820182580904e-07]
[0.11993515973981941, 0.7510877294243431, 2.5488837994854e-11]
[0.10168228609295957, 0.7538715125034016, 2.0412525852554735e-10]
[0.09477932810875159, 0.7565639559247644, 2.5488837994854e-11]
[0.08475600093472625, 0.7467252426677446, 2.096983615971184e-11]
[0.23641274356638295, 0.875275071262329, 1.2305004775531314e-09]
[0.24440337768601042, 0.7292187727066273, 4.540474748902101e-11]
[0.23743905688056455, 0.7257602995512726, 6.084319697369223e-10]
[0.24399970049100783, 0.7263172717232136, 6.084319697369223e-10]
[0.2441207003336865, 0.7217612400382596, 7.35729564582384e-08]
[0.2441207003336865, 0.7219374134991036, 7.115985912550016e-08]
[0.11481156422368097, 0.9401557403467232, 7.160156578049317e-08]
[0.22147980334849765, 0.7151517224689594, 5.975856269291408e-10]
[0.24412652957737924, 0.8630571735588105, 4.155809838231783e-06]
[0.24582525195433652, 0.8630571735588105, 4.155809838231783e-06]
[0.21617553080909263, 0.870319340744797, 2.412338549404036e-09]
[0.2634275888425062, 0.7283500652562221, 8.917797594126808e-10]
[0.16230401410488648, 0.8912333234798142, 2.102292507274073e-06]
[0.1909699674178372, 0.8858005209467099, 1.2305004775531314e-09]
[0.2069750373672265, 0.8585827131755919, 3.3310348288036535e-08]
[0.19996522016563037, 0.8829019736082561, 3.468057492441312e-08]
[0.20682080657982954, 0.8781405437404908, 4.155809838231783e-06]
[0.20633657920096998, 0.8781459374223645, 4.155809838231783e-06]
[0.20627276017735766, 0.8781459374223645, 4.155809838231783e-06]
[0.20285433260082958, 0.8819013230358608, 4.155809838231783e-06]
[0.20689721212738774, 0.874124528736617, 4.1418528162473015e-06]
[0.21369924112730493, 0.870495507026413, 7.756191685607352e-10]
non_dom_solutions_y:
[1.12918224e-08 7.92313142e-01 4.47385122e+00]
[1.12918224e-08 1.18791663e-09 6.00000005e+00]
[0.24848035 0.64799106 5.0556948 ]
[0.20965531 0.73645402 4.41100102]
[0.27725714 0.71874196 4.52601365]
[1.12918224e-08 6.40590318e-01 5.51526359e+00]
[4.49135245e-03 6.94821501e-01 5.11828283e+00]
[0.29091145 0.862114   3.90600805]
[0.22034686 0.7014529  4.6765103 ]
[1.12918224e-08 2.10148940e-09 6.00000000e+00]
[0.25126107 0.83221855 3.90891571]
[0.25581126 0.83132563 3.91265425]
[0.25583683 0.83132563 3.910986  ]
[0.25581126 0.83139482 3.91169168]
[0.25583683 0.83136548 3.91090046]
[0.25583683 0.83129571 3.91105029]
[0.25583683 0.83129111 3.91106019]
[0.25962116 0.82912343 3.91669456]
[9.46661830e-09 2.65667286e-09 6.00000000e+00]
[0.25126107 0.7237331  4.47881917]
[0.24628045 0.83221855 3.90929739]
[0.24613258 0.83221855 3.90931969]
[0.2445603  0.83221855 3.90948421]
[0.2441207  0.83221855 3.90957551]
[0.2441207  0.83221855 3.90957551]
[0.20134367 0.80260464 4.03618562]
[0.19649884 0.80224578 4.04452751]
[0.19152863 0.80257784 4.050549  ]
[0.21493723 0.80621136 4.00576274]
[0.2101182  0.80716323 4.00724111]
[0.19440231 0.80197857 4.04871774]
[0.19203263 0.80247815 4.05299563]
[0.2081444  0.80636582 4.01258926]
[0.19652731 0.80330231 4.04003404]
[0.19994824 0.80292743 4.03676225]
[0.22433961 0.80633785 3.99693568]
[0.20669074 0.80352642 4.02559651]
[0.19994447 0.80422484 4.03160291]
[0.21118516 0.80694294 4.00689343]
[0.19514107 0.80483991 4.03586996]
[0.19529113 0.80919184 4.01895321]
[0.203033   0.80469812 4.02828713]
[0.20320625 0.80764349 4.01379061]
[0.19852208 0.81082631 4.0084695 ]
[0.19909231 0.80296297 4.0377837 ]
[0.21289667 0.80373681 4.01769053]
[0.20804081 0.8095637  4.00063817]
[0.22123272 0.80795349 3.99324896]
[0.22325823 0.80574897 4.00007404]
[0.21158434 0.80846997 4.00068934]
[0.21328664 0.80596016 4.00855041]
[0.20686615 0.80303112 4.02751469]
[0.19002013 0.80844414 4.02979832]
[0.20969213 0.80469631 4.01747333]
[0.21042805 0.80540046 4.01373931]
[0.20736918 0.80456569 4.02059633]
[0.20965274 0.80955518 3.99880028]
[0.21889223 0.80454611 4.00854137]
[0.20438295 0.81218658 3.99571708]
[0.20468089 0.80885629 4.00735193]
[0.21244607 0.80593915 4.00941366]
[0.21369821 0.80572583 4.008927  ]
[0.1976614  0.80180522 4.0445793 ]
[0.20955964 0.80940392 3.99946388]
[0.20396952 0.80233507 4.03386691]
[0.20091658 0.80555742 4.02498628]
[0.18617295 0.80107698 4.06537355]
[0.20352304 0.80457514 4.02533328]
[0.19773423 0.81000766 4.01385988]
[0.20226643 0.80359557 4.03091119]
[0.19331797 0.80362452 4.04347818]
[0.20622482 0.80467321 4.0215852 ]
[0.21099654 0.81438813 3.98032926]
[0.18856693 0.80361328 4.05106403]
[0.20493083 0.803739   4.02690857]
[0.24397143 0.83221855 3.90971754]
[0.21512006 0.80992892 3.99157031]
[0.21848236 0.80575877 4.00411623]
[0.20716997 0.80784224 4.00820194]
[0.20812724 0.80573362 4.01507559]
[0.22385904 0.80680315 3.99550791]
[0.21351786 0.80638446 4.00654793]
[0.20372245 0.80485599 4.02395677]
[0.22116095 0.80483738 4.00550096]
[0.21774337 0.81088167 3.98558179]
[0.21409054 0.80686344 4.00413612]
[0.20231036 0.80374197 4.03037173]
[0.21024461 0.80679234 4.00852055]
[0.20586891 0.80625496 4.0157586 ]
[0.20306587 0.81038193 4.00393434]
[0.21435174 0.80499965 4.01122678]
[0.21969731 0.80522484 4.00512098]
[0.20460133 0.80306254 4.03007119]
[0.20555067 0.80785694 4.01001182]
[0.18913002 0.80086267 4.06144945]
[0.21085483 0.80794311 4.0035616 ]
[0.20403533 0.80745929 4.01353546]
[0.20890583 0.80776358 4.00633983]
[0.30865646 0.77562682 4.18097475]
[0.2441207  0.74238018 4.34572224]
[0.26539274 0.75331571 4.27651846]
[0.26019996 0.75419413 4.26617412]
[0.27036083 0.74864784 4.30720315]
[1.12893422e-08 2.65667286e-09 5.99999999e+00]
[0.26330724 0.75194223 4.28196983]
[0.24412656 0.6409665  5.08684937]
[0.30558138 0.67718272 4.87132013]
[0.24412656 0.7003394  4.65516819]
[0.24456136 0.72243975 4.48895342]
[0.11993516 0.75108773 4.48397192]
[0.10168229 0.75387151 4.50908709]
[0.09477933 0.75656396 4.50778905]
[0.084756   0.74672524 4.59632001]
[0.23641274 0.87527507 3.89338563]
[0.24440338 0.72921877 4.43925751]
[0.23743906 0.7257603  4.46661821]
[0.2439997  0.72631727 4.46051443]
[0.2441207  0.72176124 4.49404391]
[0.2441207  0.72193741 4.49274004]
[0.11481156 0.94015574 4.34106874]
[0.2214798  0.71515172 4.55524991]
[0.24412653 0.86305717 3.88160625]
[0.24582525 0.86305717 3.88128981]
[0.21617553 0.87031934 3.90246344]
[0.26342759 0.72835007 4.44697391]
[0.16230401 0.89123332 4.02255574]
[0.19096997 0.88580052 3.9575568 ]
[0.20697504 0.85858271 3.90783827]
[0.19996522 0.88290197 3.9386408 ]
[0.20682081 0.87814054 3.92196909]
[0.20633658 0.87814594 3.92256534]
[0.20627276 0.87814594 3.92264329]
[0.20285433 0.88190132 3.93307483]
[0.20689721 0.87412453 3.91656953]
[0.21369924 0.87049551 3.90511285]
