0.8034712918055221
0.8034712918055221
0.8034712918055221
0.8034712918055221
0.8034712918055221
0.8034712918055221
0.8034712918055221
0.8034712918055221
0.8034712918055221
0.8034712918055221
0.8034712918055221
0.8034712918055221
0.8034712918055221
0.8034712918055221
0.8034712918055221
0.8034712918055221
0.8034712918055221
0.8034712918055221
0.8034712918055221
0.8034712918055221
0.8034712918055221
0.8034712918055221
0.8034712918055221
0.8034712918055221
0.8034712918055221
0.8034712918055221
0.8034712918055221
0.8034712918055221
0.8034712918055221
0.8034712918055221
0.8034712918055221
0.8034712918055221
0.8034712918055221
0.8034712918055221
0.8034712918055221
0.8034712918055221
0.8034712918055221
0.8034712918055221
0.8034712918055221
0.8034712918055221
0.8034712918055221
0.8034712918055221
0.8034712918055221
0.8034712918055221
0.8034712918055221
0.8034712918055221
0.8034712918055221
0.8034712918055221
0.8034712918055221
0.8034712918055221
0.8034712918055221
0.8034712918055221
0.8034712918055221
0.8034712918055221
0.8034712918055221
0.8034712918055221
0.8034712918055221
0.8034712918055221
0.7445062566507903
0.7445062566507903
0.7445062566507903
0.7445062566507903
0.7445062566507903
0.7445062566507903
0.7445062566507903
0.7445062566507903
0.7445062566507903
0.7150819547749532
0.7150819547749532
0.705051918122507
0.6632987538000673
0.6632987538000673
0.6632987538000673
0.6584963061294508
0.6584963061294508
0.6584963061294508
0.5764476122936663
0.5764476122936663
0.5652019605871967
0.5271367936209026
0.5271367936209026
0.5271367936209026
0.5271367936209026
0.5271367936209026
0.5267576258613984
0.5267576258613984
0.5070468658906749
0.5070468658906749
0.5070468658906749
0.5066093745667918
0.5047188777821727
0.5047188777821727
0.5033937483319898
0.5026323012893279
0.49710821296130087
0.49583599916108395
0.49583599916108395
0.49583599916108395
0.49583599916108395
0.49583599916108395
0.6064128250950124
0.6064128250950124
0.6064128250950124
0.6064128250950124
0.6064128250950124
0.6064128250950124
0.6064128250950124
0.6055321338949275
0.6055292223838514
0.6055292223838514
0.6055254330735097
0.6053921647212736
0.6053901788775012
0.6053901788775012
0.6053901788775012
0.5995567243416583
0.5995567243416583
0.5995567243416583
0.5995567243416583
0.5984357654977905
0.5984357654977905
0.5984357654977905
0.5926167602844137
0.5918419479318873
0.591828512412491
0.5913850200403601
0.5913850200403601
0.5913628570580797
0.5913628570580797
0.5913628259059759
0.7205392230777564
0.7205392230777564
0.7177204231079418
0.7177204231079418
0.7177204231079418
0.7177204231079418
0.7163018128532447
0.7162588929109813
0.6895640185574949
0.6895640185574949
0.6895640185574949
0.6895640185574949
0.6895640185574949
0.6895534026790018
0.6895534026790018
0.6895534026790018
0.6893743836965228
0.6893743836965228
0.6893743836965228
0.6893743836965228
0.6893743836965228
0.6893731932346888
0.6936807183170626
0.656747873349193
0.6562948507927138
0.6562837586897755
0.6562837586897755
0.6562837586897755
0.6562837586897755
0.6562837586897755
0.6562837586897755
0.6562828376767433
0.6562828376767433
0.6562828376767433
0.6562828376767433
0.6561569451506798
0.6561289482942425
0.6561289482942425
0.6561120112663342
0.6558275961357494
0.655626079175
0.655626079175
0.655626079175
0.6554272131856601
0.6554272131856601
0.6554272131856601
0.6551912936757824
0.6551908607288253
0.6551908607288253
0.6542685276811272
0.6542685276811272
0.6542677149668769
0.6541216595289303
0.6541216595289303
0.6550063630512993
0.6550063630512993
0.654469659755749
0.6510349323648825
0.6510349323648825
0.650794941152155
0.650794941152155
0.650794941152155
0.650794941152155
0.6507892675938134
0.6507872666950245
0.6507872666950245
0.6507714469360416
0.6507714469360416
0.6507714469360416
0.6502788819630784
0.648793199588598
0.6483698599529585
0.6483698599529585
0.6483698599529585
0.6483698599529585
0.6483698599529585
0.6483698599529585
0.6483470150298933
0.6483300718229695
0.6483271648861892
0.6482514104730908
0.6482514104730908
0.6482514044420471
0.6482357067616399
0.6482271166026334
0.6482270903627069
0.6482270903627069
0.6248336387272656
0.6248336387272656
0.6248251446275448
0.6248251446275448
0.6248251446275448
0.6248200550738093
0.624804234359691
0.6247944263908414
0.6247944263908414
0.6247914737717751
0.6247914737717751
0.6247914508011216
0.6247914508011216
0.6247914508037774
0.6245585972765502
0.6245585972765502
0.6245585972765502
0.6245585972765502
0.6245585972765502
0.6245398427850615
0.6245398427850615
0.6245398427850615
0.6245393951626785
0.6245393951626785
0.6244839803136655
0.6244839803136655
0.6229558614851093
0.6228403558763423
0.6228403558763423
0.6228403558763423
0.6228403558763423
0.6228388678443646
0.6228359229502058
0.6227604786107603
0.6227129510804268
0.6227129510804268
0.6226985763509425
0.6226274563327299
0.6226271844838482
0.6226272102984044
0.6226252404906991
0.6226252404906991
0.6226232005731537
0.6226232005731537
0.6226181546413719
0.6226181546413719
0.6221912089402423
0.6221911194802647
0.6221861953990813
0.6221861689010407
0.6221861395475411
0.622154975909244
0.6221555902719259
0.6221555902719259
0.6221554356153574
0.6221554356153574
0.622154985357813
0.622154985357813
0.6220059662516423
0.6219066057446133
0.6218075639436331
0.621806831340617
0.621806831340617
0.621806831340617
0.6218065436752096
0.6218065436752096
0.621780742015333
0.6217786544433255
0.6217784294082038
0.6217784294082038
0.6217774770495986
0.6217774770495986
0.6217763560522716
0.6217743089924135
0.6217662500924465
0.6217662074158723
0.6217662074158723
0.6217661404640658
0.6217659912783784
0.6217659912783784
0.6217179025429186
0.6217179004489112
0.6217049614325131
