ID: 20231203202439_21676

Problem: dtlz7
Number of objects: 3
Number of variables: 5

Algorithm choice: 2
Algorithm phase strategy: global + local
First phase rate: 1.0
Population size: 15
Maximum number of function evaluations: 300

IGD: 0.6217049614325131
GD: 0.0249122652119342
HV: 0.5229814876477477
Time cost: 491.5804672241211

non_dom_solutions:
[0.0125529837521802, 0.27809797806953823, 0.009120108939038467, 0.014870329667075088, 0.08267943293115752]
[0.018013693546452984, 0.2107132731448477, 0.001185716872159813, 0.0005321110856029702, 0.0011493040751003982]
[0.10280717642434245, 0.224462864267887, 0.0014382527850877354, 0.011474624054522809, 0.0011704085734638382]
[0.018256269350203615, 0.2099293608326564, 0.001185716872159813, 0.0005321110856029702, 0.0011691472702557554]
[0.015976203854832144, 0.13618295926804222, 0.009338565224788063, 0.009599807146777245, 0.008785057937863022]
[0.07743233000506337, 0.11165235972919976, 0.0004490868361120767, 0.00027797913946495806, 2.656078744404781e-05]
[0.018256269350203615, 0.21067249233194274, 0.0011845327371834181, 0.0004547025806568251, 0.001170329282976505]
[0.018256269350203615, 0.13621648867321637, 0.009197221009971729, 0.0005321110856029702, 0.0003249386587322706]
[0.017168646931375486, 0.1362204873164879, 0.0005544545415078154, 0.0005676710781385517, 0.00031367476334482355]
[0.0723017588666202, 0.1100970331612006, 0.0004222171305592065, 0.00044445262578971054, 2.656078744404781e-05]
[0.09033840484242658, 0.11165235972919976, 0.0004500777816512329, 0.00044450944747615573, 2.656078744404781e-05]
[0.07173587949141506, 0.11140549019094584, 0.009197221009971729, 0.000531036946027166, 0.0003170381346512133]
[0.016901491072063936, 0.08994232816527575, 0.0005544545415078154, 0.0005676710781385517, 1.838580113337193e-05]
[0.08863649136310628, 0.04842912704255711, 0.0011738132367974602, 0.00019564013294230773, 4.0226632948162176e-06]
[0.07230797607470948, 0.16276776314848432, 0.00044981199225532364, 0.0004444949957774679, 2.656078744404781e-05]
[0.016897309473315313, 0.1362204873164879, 0.018618310592714897, 0.0005676710781385517, 1.7629654931537378e-05]
[0.106374490298133, 0.11140549019094584, 0.0014281969675133967, 0.0005321110856029702, 0.00029486882062383353]
[0.08863605331984019, 0.11166018267513224, 0.0004490868361120767, 0.00044445262578971054, 2.657639965985146e-05]
[0.09044744019195369, 0.1161407606530113, 0.0011751991615719347, 0.00019649052802536728, 4.0226632948162176e-06]
[0.106374490298133, 0.11139701598233913, 0.0014281969675133967, 0.0005321110856029702, 0.00031043290774959774]
[0.16838905391810383, 0.11165217723794131, 0.00046601052316430733, 0.00128758913067789, 0.001131372547220134]
[0.07743233000506337, 0.11610699071627115, 0.00045653454805716376, 0.00027797913946495806, 2.656078744404781e-05]
[0.10656062000564626, 0.11140549019094584, 0.0014281969675133967, 0.0005232999164077199, 1.586111267379433e-06]
[0.106374490298133, 0.1116472209521376, 2.639409012104854e-05, 0.00014825898069739305, 0.0003147440507517601]
[0.08863649136310628, 0.04794206793488601, 0.0011738132367974602, 0.00019564013294230773, 6.4680247237935485e-06]
[0.08888118763224262, 0.11769310536986635, 0.0004490868361120767, 0.0003959389886403756, 0.00034558007204034543]
[0.08888118763224262, 0.11770209739449214, 0.0004490868361120767, 0.0003945188912295683, 0.00034558007204034543]
[0.08863605331984019, 0.11165235972919976, 0.0004490809805462259, 0.00044445262578971054, 2.656078744404781e-05]
[0.08863565726921482, 0.11166057624521174, 0.0004490868361120767, 0.00039728995949241103, 6.0358685184390176e-05]
[0.08863565726921482, 0.11166093820813941, 0.0004490868361120767, 0.0003973135743753517, 1.631726715096266e-05]
[0.07721445995367353, 0.0928786509052154, 0.00045653454805716376, 0.00027797913946495806, 6.022699750164781e-05]
[0.016901491072063936, 0.09007918630303058, 0.0005544545415078154, 0.0005708013895718713, 1.838580113337193e-05]
[0.08863605331984019, 0.13505219669985574, 0.0004490868361120767, 0.00044445262578971054, 2.656078744404781e-05]
[0.158862140318667, 0.04842912704255711, 0.000554976505324074, 0.00019564013294230773, 4.0226632948162176e-06]
[0.08862456462717758, 0.021204636266881224, 5.5644590976795425e-05, 0.00028620376835306136, 3.257827461237368e-05]
[0.07623572905525533, 0.09288260143405902, 0.0004548274180854327, 6.797771506001672e-05, 1.8523599245459656e-05]
[0.028311418004776365, 0.10875633985872238, 0.001172136626769156, 0.00027797913946495806, 2.632814150376948e-05]
[0.09044415792370543, 0.10152961990583201, 0.0004920116657349631, 0.0001578912991116899, 5.632497207584851e-05]
[0.1049895162650655, 0.0468047808805135, 0.0011738132367974602, 0.0002781414611899111, 5.988759405213492e-05]
[0.09028076294431717, 0.10238704840750043, 0.00022511437090613155, 0.0002781414611899111, 5.6366205831679346e-05]
[0.09044415792370543, 0.06341765100829913, 0.0013262970092641775, 0.00019132461153819594, 0.0003179733103292043]
[0.08863649136310628, 0.056843701146169684, 0.0004745467521277747, 0.00019564013294230773, 4.041993394118329e-06]
[0.018555751754026184, 0.04886408641127986, 0.0011738132367974602, 1.2630162146972626e-05, 0.07455439944505561]
[0.08913150393257287, 0.021204636266881224, 4.801545280518624e-05, 0.00027811839830696374, 3.28735985911489e-05]
[0.0937943172530172, 0.034582895860847875, 3.077042236323342e-05, 0.00028620376835306136, 3.257827461237368e-05]
[0.05258476463093577, 0.03297778220512841, 9.978617393867654e-05, 0.00027811839830696374, 3.3061259087902764e-05]
[0.08969843028808416, 0.03297778220512841, 9.978617393867654e-05, 0.00027509869255242186, 3.3061259087902764e-05]
[0.09044415792370543, 0.06342136406649558, 5.566731300405249e-06, 0.00019132461153819594, 0.0003179733103292043]
[0.08862464834631968, 0.04866042087351181, 0.0011738132367974602, 9.386323504877354e-05, 6.4680247237935485e-06]
[0.08905516122295741, 0.04802342794786377, 0.0004468995111498786, 1.4927736102518865e-05, 6.604385496813681e-06]
[0.059478369976657744, 0.04796360301534638, 0.0004476051993421984, 6.797771506001672e-05, 6.604385496813681e-06]
[0.016901491072063936, 0.09702593039010071, 0.0005544545415078154, 0.0005676710781385517, 1.884636230312712e-05]
[0.016901491072063936, 0.09163409147704231, 0.0005562248706757947, 0.0005676710781385517, 1.8605126351452117e-05]
[0.038579105891690654, 0.034582895860847875, 9.686163272029907e-05, 0.00028620376835306136, 3.306449619487331e-05]
[0.08862252319391559, 0.15313885824188406, 5.5644590976795425e-05, 0.0002604896025912582, 3.1636774422086835e-05]
[0.02603735575928462, 0.03297778220512841, 9.978617393867654e-05, 0.00027509869255242186, 3.306127694109756e-05]
[0.09023058004927842, 0.04965541623996243, 9.381026847001155e-05, 6.631711556372041e-05, 6.590150195160928e-06]
[0.08905516122295741, 0.04802342816081196, 0.0004468995111498786, 1.4927736102518865e-05, 6.604385496813681e-06]
[0.07598421281160161, 0.04692558155409003, 9.978617393867654e-05, 0.00027509869255242186, 1.8091126116797026e-05]
[0.08862492909407968, 0.010723534361464233, 0.0004468995111498786, 0.0002882153537269033, 3.2524806018182166e-05]
[0.0334221603082515, 0.034582895860847875, 9.686163272029907e-05, 0.00028620376835306136, 3.306449619487331e-05]
[0.05998511189398123, 0.04694481804266383, 9.871883293614763e-05, 6.797771506001672e-05, 5.959230853318268e-06]
[0.0814368102307537, 0.046725211794031295, 9.978617393867654e-05, 0.00027509869255242186, 1.813906126549868e-05]
[0.08980311933515568, 0.021204636266881224, 0.00010103673800558747, 0.00027811839830696374, 3.305634446656591e-05]
[0.0634442927777579, 0.04672651941570556, 3.3675188882289033e-06, 6.797771506001672e-05, 1.838504521448818e-05]
[0.08115199254757532, 0.046725211794031295, 9.978617393867654e-05, 0.00027509869255242186, 1.813906126549868e-05]
[0.059901276587371884, 0.0468371017978175, 5.850629747016249e-05, 0.00027509869255242186, 2.738313641895885e-05]
[0.05999301838679975, 0.03297778220512841, 9.978617393867654e-05, 0.00027617553272885927, 1.843997870286489e-05]
[0.05258476463093577, 0.01601952876591791, 9.978617393867654e-05, 0.00027811839830696374, 3.3061259087902764e-05]
[0.059901276587371884, 0.033035628891774624, 9.978617393867654e-05, 0.00027509869255242186, 1.8417184293342157e-05]
[0.0604008930052468, 0.0007016929141654832, 8.17066279010898e-05, 0.0002752455850967714, 2.73602836879579e-05]

non_dom_solutions_y:
[0.01255298 0.27809798 6.52957467]
[0.01801369 0.21071327 5.60121746]
[0.10280718 0.22446286 5.52275999]
[0.01825627 0.20992936 5.60195232]
[0.0159762  0.13618296 5.96435415]
[0.07743233 0.11165236 5.66909593]
[0.01825627 0.21067249 5.60042012]
[0.01825627 0.13621649 5.80224454]
[0.01716865 0.13622049 5.7261164 ]
[0.07230176 0.11009703 5.68528085]
[0.0903384  0.11165236 5.64136824]
[0.07173588 0.11140549 5.7657433 ]
[0.01690149 0.08994233 5.83330547]
[0.08863649 0.04842913 5.78822206]
[0.07230798 0.16276776 5.5650039 ]
[0.01689731 0.13622049 5.88638441]
[0.10637449 0.11140549 5.6162248 ]
[0.08863605 0.11166018 5.64526873]
[0.09044744 0.11614076 5.63447639]
[0.10637449 0.11139702 5.61638513]
[0.16838905 0.11165218 5.48057961]
[0.07743233 0.11610699 5.65851303]
[0.10656062 0.11140549 5.61306248]
[0.10637449 0.11164722 5.59975505]
[0.08863649 0.04794207 5.78914357]
[0.08888119 0.11769311 5.63271658]
[0.08888119 0.1177021  5.63268231]
[0.08863605 0.11165236 5.64528723]
[0.08863566 0.11166058 5.64514827]
[0.08863566 0.11166094 5.64475125]
[0.07721446 0.09287865 5.7143885 ]
[0.01690149 0.09007919 5.83301735]
[0.08863605 0.1350522  5.58976328]
[0.15886214 0.04842913 5.61972279]
[0.08862456 0.02120464 5.82361812]
[0.07623573 0.0928826  5.71425559]
[0.02831142 0.10875634 5.77579942]
[0.09044416 0.10152962 5.66329837]
[0.10498952 0.04680478 5.75408335]
[0.09028076 0.10238705 5.66032472]
[0.09044416 0.06341765 5.75887792]
[0.08863649 0.0568437  5.76584199]
[0.01855575 0.04886409 6.5893027 ]
[0.0891315  0.02120464 5.82231154]
[0.09379432 0.0345829  5.79116663]
[0.05258476 0.03297778 5.88304343]
[0.08969843 0.03297778 5.80379485]
[0.09044416 0.06342136 5.74698371]
[0.08862465 0.04866042 5.78692694]
[0.08905516 0.04802343 5.77986178]
[0.05947837 0.0479636  5.84468403]
[0.01690149 0.09702593 5.81679397]
[0.01690149 0.09163409 5.82940518]
[0.03857911 0.0345829  5.90578957]
[0.08862252 0.15313886 5.54376239]
[0.02603736 0.03297778 5.9282453 ]
[0.09023058 0.04965542 5.77140271]
[0.08905516 0.04802343 5.77986178]
[0.07598421 0.04692558 5.81066187]
[0.08862493 0.01072353 5.84076492]
[0.03342216 0.0345829  5.91431219]
[0.05998511 0.04694482 5.84239003]
[0.08143681 0.04672521 5.79891115]
[0.08980312 0.02120464 5.82124057]
[0.06344429 0.04672652 5.83500189]
[0.08115199 0.04672521 5.7995507 ]
[0.05990128 0.0468371  5.84445056]
[0.05999302 0.03297778 5.86835074]
[0.05258476 0.01601953 5.90767777]
[0.05990128 0.03303563 5.8684328 ]
[6.04008930e-02 7.01692914e-04 5.90979471e+00]
