0.5900120373865344
0.5900120373865344
0.5900120373865344
0.5900120373865344
0.5900120373865344
0.5900120373865344
0.5900120373865344
0.5900120373865344
0.5900120373865344
0.5900120373865344
0.5900120373865344
0.5900120373865344
0.5900120373865344
0.5900120373865344
0.5900120373865344
0.5900120373865344
0.5900120373865344
0.5900120373865344
0.5900120373865344
0.5900120373865344
0.5900120373865344
0.5900120373865344
0.5900120373865344
0.5900120373865344
0.5900120373865344
0.5900120373865344
0.5900120373865344
0.5900120373865344
0.5900120373865344
0.5900120373865344
0.5900120373865344
0.5900120373865344
0.5665622649515621
0.4869636535964328
0.4762521799186441
0.47603508775229364
0.4746834415551214
0.46917168796060094
0.46857399055472254
0.4689514288729302
0.46865397632182565
0.46865397632182565
0.49190950017089646
0.4903103778247024
0.4903096501332341
0.4900170330941254
0.4898959892764786
0.4898652600801521
0.48475847035615677
0.47801141471131553
0.45553154899108905
0.45553154899108905
0.4554797818438145
0.4464752184159885
0.4450153765397162
0.44505324663573187
0.4450455638989777
0.4450455638989777
0.4450453168633273
0.4450453168633273
0.44504528672365595
0.44504528672365595
0.44504528572489854
0.44451058302198543
0.4445029595862307
0.4444894307144932
0.44448937170360214
0.44448177605860895
0.44448166462941296
0.44448166352094015
0.4444805070341864
0.4444782672312372
0.44447819932482313
0.4444781954711952
0.4444781822114181
0.44447670627620284
0.44447666085438103
0.44447660700021163
0.4444765350036478
0.4444752378816042
0.4444700341680791
0.4444699334890088
0.4444695107671922
0.4444694546432199
0.44446943165945324
0.4444693226534036
0.444468821176043
0.4444688203825867
0.44446882035300067
0.44446833228014077
0.44446833216884996
0.4444683321447626
0.4444683321447626
0.4444683321447626
0.44446833214450143
0.4444485148295435
0.4444483007798971
0.4444483007798971
0.4444483007798971
0.44444830077978137
0.44444830077978137
0.44444830077978137
0.44444830077978137
0.44444830077978137
0.4444472009168811
0.4444416952109467
0.44443265739758325
0.4444154396555028
0.44440142016031686
0.4443893919632186
0.4443833883888686
0.44437977308626386
0.44437977308626386
0.44437816419692183
0.44437762400991415
0.4443774991621909
0.4443774991621909
0.44437743301949995
0.44437743301949995
0.44437634753359995
0.44437634753359995
0.44437634753359995
0.4443756468115345
0.4443756468115345
0.4443735324701846
0.4443695705223283
0.4443585082602109
0.44435848409794837
0.44435817812750805
0.44435817812750805
0.4443579970452781
0.4443579970452781
0.4443579970452781
0.4443574043776749
0.44435595378609555
0.44435595378609555
0.44435420633029704
0.4443537579525497
0.4443504469102854
0.44435040985182017
0.44435037753209783
0.44435037643419023
0.44435037643419023
0.44435037643419023
0.4443480473126823
0.4443480473126823
0.4443480473126823
0.4443480473126823
0.4443480473126823
0.44434672088927885
0.44434670365645984
0.44434665506175564
0.44434665506175564
0.4443463644186219
0.4443463644186219
0.44434637100770485
0.44434292697085065
0.44434292697085065
0.4443421029414618
0.4441295775823579
0.4441102465655638
0.44411024552009415
0.44408823130433667
0.44407859046383313
0.44407830075493876
0.44407830075493876
0.44407830075493876
0.44257298238312
0.44257298238312
0.4421112673897991
0.4421112673897991
0.4419275449424985
0.4419275449424985
0.4419275449424985
0.4312531645512549
0.4311530471180271
0.4311530471180271
0.43108680688950657
0.43103829528656834
0.43098438669846884
0.4309664890080014
0.4309664890080014
0.42890152416003663
0.42890152416003663
0.42890152416003663
0.42890152416003663
0.42890152416003663
0.42746204131060783
0.42741484113876366
0.42741484113876366
0.42741484113876366
0.42741484113876366
0.42741484113876366
0.42741484113876366
0.42741484113876366
0.42741484113876366
0.42741484113876366
0.42741421300386767
0.42741329083411006
0.4274132911798207
0.4274132911798207
0.4274132730608507
0.4274132730176352
0.42741327301854354
0.4274132549548575
0.4274132548317603
0.42741165244913387
0.42741165244913387
0.42741165244913387
0.42741165244913387
0.42741165244913387
0.42741165244913387
0.42741165244913387
0.42741165244913387
0.42741165244913387
0.42741165244913387
0.42741165244913387
0.4273872486602401
0.4273844016958754
0.4273844016958754
0.4273844016958754
0.4273844016958754
0.4273844016958754
0.4273844016958754
0.4273844016958754
0.4273844016958754
0.4273844016958754
0.4273844016958754
0.42738019604401245
0.42738019604401245
0.42738019604401245
0.42738019604401245
0.42738019604401245
0.42738019604401245
0.42738019604401245
0.4273800825627349
0.4273800825627349
0.4273800825627349
0.42735492180855295
0.42734988772267685
0.42734988772267685
0.42734988772267685
0.42734988772267685
0.4268419241533463
0.4268419241533463
0.42659906587147683
0.42659145445541713
0.4264896862759913
0.4263614759077094
0.4263614759077094
0.4263614759077094
0.4263614759077094
0.4263614759077094
0.4263614759077094
0.4263614759077094
0.4263614759077094
0.4263614759077094
0.4263499838853961
0.4263499838853961
0.4263499838853961
0.4263499838853961
0.4263499838853961
0.42634860012244513
0.42619747936420277
0.4261509138925247
0.4261483153466788
0.4261483153466788
0.4261483153466788
0.4261483153466788
0.4261198376710458
0.4261198376710458
0.42610787117584586
0.4261076383996842
0.4261076383996842
0.4260946938887312
0.42609338644825884
0.42609338644825884
0.42609338644825884
0.42609335432657997
0.42608112129742476
0.42608112129742476
0.4260804345422363
0.42608042582531014
0.426080307266963
0.426080307266963
0.4260795502315677
0.4260780309055783
0.42607799654363127
0.4260773544642443
0.4260773544642443
0.4260773544642443
0.42607482049771483
0.4260734654319664
0.4260690358160893
0.42605944609793944
0.42605563533509483
0.4260555364705666
0.4260511499363021
0.4260477621018899
0.42604773901451154
