ID: 20231201032302_14779

Problem: dtlz7
Number of objects: 3
Number of variables: 3
Algorithm choice: 2
Maximum number of function evaluations: 300

IGD: 0.42604773901451154
GD: 0.0070658817803184604
HV: 0.6258776938532836
Time cost: 1954.4410996437073

non_dom_solutions:
[0.5836666944514017, 0.13470973055623095, 0.0068567199364363285]
[0.05568507637543198, 0.007378803538372138, 0.0006307528197349033]
[0.698562124501251, 0.0002673754648468557, 0.00014987788427656829]
[0.7266346654306313, 0.00021685586304794058, 0.00014987788427656829]
[0.8364561146677723, 0.13864031802022483, 0.0006759751549728701]
[0.861345147761715, 0.0263093506805568, 0.00014987788427656829]
[0.8642961655897856, 0.026756142352648424, 2.3822590783047215e-05]
[0.8613998490108822, 0.08834463310832993, 0.00015355904656568867]
[0.8613998490108822, 0.10405094060566586, 9.161840872731289e-05]
[0.7478798544872589, 0.10226851554198685, 0.00014987788427656829]
[0.7040851789683474, 0.13967280946853688, 0.00014987788427656829]
[0.7006889642574503, 0.22819972647813383, 0.0001412206669908489]
[0.8558491669936908, 0.05847331092774406, 3.033731684041815e-05]
[0.7347822326647168, 0.23596891573778656, 0.00020087103285942702]
[0.8648802819765803, 0.17948375096715063, 9.161840872731289e-05]
[0.0001021932504283174, 0.0019758016629540798, 4.35457033756137e-05]
[5.330250821999893e-06, 7.308827140463901e-06, 1.7786549051686246e-07]
[0.8210457733899603, 0.1711067530088491, 1.7786549051686246e-07]
[0.8229449561016026, 0.17098205354434, 1.3737109802524028e-06]
[0.8263734171196941, 0.1711067530088491, 7.55759689064174e-08]
[0.8234990329644652, 0.17098205354434, 1.3737109802524028e-06]
[0.8263734171196941, 0.172067229381159, 1.7662224032971695e-07]
[0.8263542664233587, 0.17097897596529638, 7.55759689064174e-08]
[0.8263797414248351, 0.17110291220754062, 1.3737109802524028e-06]
[0.8263734171196941, 0.1699619298732311, 1.5459531093814492e-07]
[0.8263734171196941, 0.16831919596495507, 7.55759689064174e-08]
[0.8265447667739654, 0.17110291220754062, 5.861071841265891e-07]
[0.8263734171196941, 0.16978248104087107, 7.55759689064174e-08]
[0.8265447667739654, 0.17005879491439196, 5.861071841265891e-07]
[0.8269575085453322, 0.172067229381159, 1.7662224032971695e-07]
[0.826872802027147, 0.17110291220754062, 1.3737109802524028e-06]
[0.826872802027147, 0.1701111784674533, 1.3737109802524028e-06]
[0.826872802027147, 0.16956104478901735, 1.4107706598749203e-06]
[0.8274408860305319, 0.172067229381159, 1.7662224032971695e-07]
[0.826872802027147, 0.16452344236767372, 1.3737109802524028e-06]
[0.8274411675121178, 0.17110291220754062, 1.3737109802524028e-06]
[0.8276074344333267, 0.172067229381159, 1.7662224032971695e-07]
[0.8276293218723739, 0.172067229381159, 1.0885344331118661e-07]
[0.8276388829132372, 0.172067229381159, 1.7510122539946547e-07]
[0.8276293218723739, 0.1707126075089694, 1.0885344331118661e-07]
[0.8278440708651236, 0.17206568099563085, 1.7915265951219428e-07]
[0.8278440708651236, 0.1719820950656319, 1.7915265951219428e-07]
[0.8278440708651236, 0.1719786808843616, 1.7903553894390438e-07]
[0.8279192752796887, 0.17211682860359748, 1.7915265951219428e-07]
[1.2259501136480111e-08, 1.0050364559685554e-09, 1.2926296888955395e-08]
[2.2864477533524052e-09, 4.813251865652679e-09, 1.2372943149889831e-08]
[6.258636872907428e-09, 4.813251865652679e-09, 1.2353077586960955e-08]
[0.861263511990068, 0.10207568553939558, 8.004230389282901e-05]
[0.8598815105293935, 0.09325096949624698, 6.881496572936827e-08]
[0.8635404029292272, 0.11362599001165741, 8.245333545151435e-05]
[0.8565937062757804, 0.12743566840425308, 8.948479532513523e-05]
[0.8593759536750466, 0.0786449690638616, 1.2372943149889831e-08]
[0.8559222686871848, 0.16038614482508484, 1.433013104714756e-05]
[0.8560792826594775, 0.13326686050088504, 2.7004785889666455e-06]
[0.8588311648585111, 0.1547527684883699, 1.0538126354060949e-06]
[0.8639860084666986, 0.14443607067398329, 1.1859534131116936e-07]
[0.8605503505299735, 0.15985228671382543, 4.5318708053272347e-07]
[0.8580083902069389, 0.15621363492344184, 1.3886203755370554e-08]
[0.8648802819765803, 0.13603106367945395, 1.433013104714756e-05]
[0.8610688497949235, 0.14565237481433305, 8.932374042466781e-05]
[0.8693329802936209, 0.14216440119114482, 9.161840872731289e-05]
[0.8550568407669398, 0.16038614482508484, 9.364121735506343e-05]
[0.8574138674148887, 0.15945454304964735, 1.752010250875733e-08]
[0.8509494923609807, 0.15888285487939233, 1.433013104714756e-05]
[0.85161883323521, 0.17205552332948426, 4.361919978968366e-07]
[0.8604303247978533, 0.16643442588157664, 1.0465462545431409e-05]
[0.8536551278828688, 0.1613319386635611, 1.8652442749557947e-08]
[0.857985939997638, 0.16019533216350898, 4.116792647926407e-07]
[0.8578135021542952, 0.16574354797832636, 1.434957625365047e-05]
[0.8565319690618904, 0.1604745432167466, 4.5318708053272347e-07]
[0.8610898954816689, 0.17205552332948426, 9.040593924152922e-07]
[0.8500370433020558, 0.16643442588157664, 1.0465462545431409e-05]
[0.8507907411381124, 0.15628474067308606, 1.0465462545431409e-05]
[0.8560922820098891, 0.17205552332948426, 1.7166934056092517e-08]
[0.8408005893570613, 0.16654609040357626, 1.0465462545431409e-05]
[0.8556530138256586, 0.17205552332948426, 2.3016706863475623e-08]
[0.8561953379871494, 0.17155791408249754, 1.7741477437196856e-09]
[0.8555585190027389, 0.17205552332948426, 1.9434682429962275e-06]
[0.8562921019805003, 0.17205552332948426, 6.693707798715714e-07]
[0.8546034286630667, 0.1742695738892094, 9.256862942936812e-07]
[0.8531638805579816, 0.17218634217328327, 3.3989048953634416e-08]
[0.8522797529235997, 0.17205552332948426, 8.980488488543222e-07]
[0.8493958465001837, 0.17218325103974988, 1.2926296888955395e-08]
[0.850237613982795, 0.17205552332948426, 9.040593924152922e-07]
[0.8496752677118523, 0.1723153023703537, 1.2926296888955395e-08]
[0.8509458960009927, 0.17205552332948426, 9.040593924152922e-07]
[0.8610111677822984, 0.17553075150686712, 4.947187194478877e-07]
[0.8547245094727046, 0.1755157763692027, 7.583141105243292e-08]
[0.8509451081527458, 0.17393711211983162, 2.0879648793003898e-09]
[0.8582779255788189, 0.18147206509113045, 5.827470566891358e-07]
[0.8578394077397836, 0.18168009810403274, 5.827470566891358e-07]
[0.8579229143645486, 0.18164856713197086, 8.059607924310039e-07]
[0.8578985300227219, 0.18196043659463204, 1.8912028889202972e-06]
[0.8578985300227219, 0.18207799497738325, 1.6530653212550774e-06]
[0.8517656611949784, 0.1553312321440521, 9.161840872731289e-05]
[0.8578985300227219, 0.16603165349638085, 1.8912028889202972e-06]
[0.8578985300227219, 0.16380774831912517, 9.339791873933095e-05]
[0.6700740108469145, 0.17205552332948426, 4.547571354346811e-09]
[6.258636872907428e-09, 4.813251865652679e-09, 1.2353077586960955e-08]
[0.7407036875937394, 0.18207799497738325, 1.6530653212550774e-06]
[0.6798079498701141, 0.19633906634230708, 1.6530653212550774e-06]
[0.7413694459458747, 0.27441850348039215, 8.867493950955776e-07]
[0.7026624796414561, 0.19633906634230708, 9.024075716677668e-05]
[0.714162620884233, 0.19666668690516986, 5.827470566891358e-07]
[0.7627250489764454, 0.0018889111414406162, 1.3939481358042628e-08]
[0.720481631514674, 0.17950378208843504, 9.161840872731289e-05]
[0.721667442445827, 0.19552147407892656, 8.963221222828716e-05]
[0.8584196039585612, 0.23099828074656403, 5.827470566891358e-07]
[0.867421442929696, 0.2464712401961453, 8.902877581666896e-09]
[0.7368548642190877, 4.813251865652679e-09, 3.51407968549991e-07]
[0.8691011891300268, 0.2309936087565272, 5.79758387138468e-07]
[0.8691011891300268, 0.2308205923917913, 4.119824114719982e-09]
[0.8691188429754616, 0.22649757473115856, 1.293832868058973e-08]
[0.8692684933227417, 0.22444930705697286, 7.856237863733976e-09]
[0.8692684933227417, 0.22444930705697286, 7.856237863733976e-09]
[0.8692710059506465, 0.2244146439997705, 4.116962706644091e-09]
[0.8692710059506465, 0.2244145662026826, 2.6124685107521545e-09]
[0.869274721164268, 0.22437895940610164, 4.116962706644091e-09]
[0.8692747602370987, 0.22437870135172897, 6.001694056269174e-10]
[0.8703024812650371, 0.22027782240689842, 2.253676181571808e-09]
[0.8708460840403266, 0.221951326827176, 1.2806888686581692e-08]
[0.8705169592492445, 0.2238214988575986, 2.253676181571808e-09]
[0.7451318985700024, 0.0011920553120166738, 2.253676181571808e-09]
[0.8673305596650244, 0.21382471426466243, 1.4957907604841297e-09]
[0.8780587563379858, 0.20915430915478256, 2.2010026231148584e-09]
[0.878091978560596, 0.20887098263321274, 1.3253104748193905e-09]
[0.8780587563379858, 0.20881012747610836, 2.2010026231148584e-09]
[0.7451967883719507, 4.813251865652679e-09, 1.2926296888955395e-08]
[0.8818355903719902, 0.20512267924190541, 1.2926296888955395e-08]
[0.7320438488683024, 0.21640186862607463, 2.1788572143475693e-09]
[0.741196954976566, 0.0020532248962660815, 1.8171754720378901e-09]
[0.7961319947695571, 0.12331152262031403, 2.3272177383945657e-09]
[0.78386208180523, 0.0012338264768507606, 2.3302021323486497e-09]
[0.7548352378041583, 0.000822964459589251, 2.2010026231148584e-09]
[0.7548352378041583, 0.023008313273508843, 2.1574406403280134e-09]
[0.757699773651311, 0.04920197028114117, 2.315803556390038e-09]
[0.7604179413604044, 0.024974381987116684, 1.2926296888955395e-08]
[0.7640873980620387, 0.0014506532897932273, 2.3302021323486497e-09]
[0.6884208023314268, 0.2163938596706529, 6.35458268449375e-10]
[0.721449791008076, 0.16399556351363104, 1.2303838546970474e-08]
[0.7199350491583096, 0.1983670759026483, 1.2463016845975704e-08]
[0.7445528561561899, 0.10973756327999712, 6.657635453917874e-10]
[0.7188133557789844, 0.20766729899413566, 1.299372098022488e-08]
[0.7578804878278793, 0.00031463226591584015, 8.553979275340553e-10]
[0.7225590694847396, 0.2163938596706529, 5.702543156966119e-10]
[0.7225590694847396, 0.20941599064152644, 5.702543156966119e-10]
[0.7548964471981922, 0.0009182469403023613, 2.3302901673216437e-09]
[0.7227207740342935, 0.22547242373597218, 1.9301127237168358e-12]
[0.7244919341277047, 0.21480938945981423, 1.277922398279296e-08]
[0.7244919341277047, 0.21476521474629204, 1.277922398279296e-08]
[0.7241667958457697, 0.2160950147467967, 3.251056078415847e-12]
[0.7289450647592323, 0.21695282583100534, 2.317556669902929e-09]
[0.7198023366093064, 0.21480938945981423, 1.2926296888955395e-08]
[0.7449415584739651, 4.189054505186751e-09, 2.0875994297488823e-11]
[0.7195018935754391, 0.21640186862607463, 2.0265780481566024e-09]
[0.7228013097238682, 0.21640186862607463, 2.209471151580392e-09]
[0.7161501363071745, 0.20644929214511015, 1.2840683971545173e-09]
[0.751964565705096, 4.813251865652679e-09, 6.209319529108233e-09]
[0.7157329149059616, 0.1834192027474351, 6.35458268449375e-10]
[0.7279093321511492, 0.1834192027474351, 5.242886591496764e-11]
[0.7279093321511492, 0.19930907622870278, 5.008147099311031e-11]
[0.7279972760336696, 0.1992725376858175, 1.2653614180278027e-08]
[0.7279093321511492, 0.17850425315783164, 5.008147099311031e-11]
[0.7279093321511492, 0.17534429054614156, 3.925402094545347e-11]
[0.7279093321511492, 0.1766542987642056, 2.975528581366802e-11]

non_dom_solutions_y:
[0.58366669 0.13470973 5.74952519]
[0.05568508 0.0073788  5.92555233]
[6.98562125e-01 2.67375465e-04 5.09837185e+00]
[7.26634665e-01 2.16855863e-04 4.88802947e+00]
[0.83645611 0.13864032 4.0732292 ]
[0.86134515 0.02630935 4.27843342]
[0.86429617 0.02675614 4.2751592 ]
[0.86139985 0.08834463 4.15761426]
[0.86139985 0.10405094 4.11913224]
[0.74787985 0.10226852 4.55173616]
[0.70408518 0.13967281 4.78192324]
[0.70068896 0.22819973 4.66318832]
[0.85584917 0.05847331 4.21922746]
[0.73478223 0.23596892 4.4073021 ]
[0.86488028 0.17948375 3.95300091]
[1.02193250e-04 1.97580166e-03 5.99906085e+00]
[5.33025082e-06 7.30882714e-06 5.99999216e+00]
[0.82104577 0.17110675 4.02134907]
[0.82294496 0.17098205 4.0162657 ]
[0.82637342 0.17110675 4.00696871]
[0.82349903 0.17098205 4.01475101]
[0.82637342 0.17206723 4.00512354]
[0.82635427 0.17097898 4.00726372]
[0.82637974 0.17110291 4.00699532]
[0.82637342 0.16996193 4.00919266]
[0.82637342 0.1683192  4.01241445]
[0.82654477 0.17110291 4.00656117]
[0.82637342 0.16978248 4.00954066]
[0.82654477 0.17005879 4.00858677]
[0.82695751 0.17206723 4.00367071]
[0.8268728  0.17110291 4.00576753]
[0.8268728  0.17011118 4.00769109]
[0.8268728  0.16956104 4.00876581]
[0.82744089 0.17206723 4.00248702]
[0.8268728  0.16452344 4.0188105 ]
[0.82744117 0.17110291 4.00437399]
[0.82760743 0.17206723 4.00208309]
[0.82762932 0.17206723 4.00202833]
[0.82763888 0.17206723 4.002007  ]
[0.82762932 0.17071261 4.00463883]
[0.82784407 0.17206568 4.00151567]
[0.82784407 0.1719821  4.00167589]
[0.82784407 0.17197868 4.00168244]
[0.82791928 0.17211683 4.00123723]
[1.22595011e-08 1.00503646e-09 6.00000034e+00]
[2.28644775e-09 4.81325187e-09 6.00000033e+00]
[6.25863687e-09 4.81325187e-09 6.00000032e+00]
[0.86126351 0.10207569 4.12348748]
[0.85988151 0.09325097 4.14195939]
[0.8635404  0.11362599 4.09655739]
[0.85659371 0.12743567 4.06347069]
[0.85937595 0.07864497 4.17526009]
[0.85592227 0.16038614 3.98737499]
[0.85607928 0.13326686 4.04752513]
[0.85883116 0.15475277 3.99851458]
[0.86398601 0.14443607 4.02212182]
[0.86055035 0.15985229 3.98769356]
[0.85800839 0.15621363 3.99541113]
[0.86488028 0.13603106 4.04214254]
[0.86106885 0.14565237 4.02106814]
[0.86933298 0.1421644  4.03281203]
[0.85505684 0.16038614 3.98978192]
[0.85741387 0.15945454 3.98861908]
[0.85094949 0.15888285 3.99285104]
[0.85161883 0.17205552 3.96550018]
[0.86043032 0.16643443 3.97446016]
[0.85365513 0.16133194 3.98583981]
[0.85798594 0.16019533 3.98700135]
[0.8578135  0.16574355 3.97600998]
[0.85653197 0.16047454 3.98666394]
[0.8610899  0.17205552 3.96325181]
[0.85003704 0.16643443 3.97785187]
[0.85079074 0.15628474 3.99836901]
[0.85609228 0.17205552 3.96354547]
[0.84080059 0.16654609 3.98767068]
[0.85565301 0.17205552 3.96366724]
[0.85619534 0.17155791 3.96447433]
[0.85555852 0.17205552 3.96374722]
[0.8562921  0.17205552 3.96351276]
[0.85460343 0.17426957 3.95984056]
[0.85316388 0.17218634 3.96439104]
[0.85227975 0.17205552 3.96512728]
[0.84939585 0.17218325 3.96678931]
[0.85023761 0.17205552 3.9664278 ]
[0.84967527 0.1723153  3.96632138]
[0.8509459  0.17205552 3.96594009]
[0.86101117 0.17553075 3.95667041]
[0.85472451 0.17551578 3.9574431 ]
[0.85094511 0.17393711 3.96233941]
[0.85827793 0.18147207 3.94588936]
[0.85783941 0.1816801  3.94557145]
[0.85792291 0.18164857 3.94562265]
[0.85789853 0.18196044 3.94511021]
[0.85789853 0.18207799 3.94489898]
[0.85176566 0.15533123 4.00198587]
[0.85789853 0.16603165 3.97508378]
[0.85789853 0.16380775 3.98205876]
[0.67007401 0.17205552 4.96452223]
[6.25863687e-09 4.81325187e-09 6.00000032e+00]
[0.74070369 0.18207799 4.42118526]
[0.67980795 0.19633907 4.8512046 ]
[0.74136945 0.2744185  4.35967268]
[0.70266248 0.19633907 4.6808899 ]
[0.71416262 0.19666669 4.59121179]
[7.62725049e-01 1.88891114e-03 4.63537169e+00]
[0.72048163 0.17950378 4.57433966]
[0.72166744 0.19552147 4.53933434]
[0.8584196  0.23099828 3.88623552]
[0.86742144 0.24647124 3.88308813]
[7.36854864e-01 4.81325187e-09 4.81049907e+00]
[0.86910119 0.23099361 3.88990966]
[0.86910119 0.23082059 3.88999511]
[0.86911884 0.22649757 3.89279862]
[0.86926849 0.22444931 3.89441322]
[0.86926849 0.22444931 3.89441322]
[0.86927101 0.22441464 3.89444141]
[0.86927101 0.22441457 3.89444143]
[0.86927472 0.22437896 3.89447146]
[0.86927476 0.2243787  3.89447159]
[0.87030248 0.22027782 3.89866025]
[0.87084608 0.22195133 3.89772072]
[0.87051696 0.2238215  3.89592902]
[7.45131899e-01 1.19205531e-03 4.75149490e+00]
[0.86733056 0.21382471 3.90260685]
[0.87805876 0.20915431 3.91898068]
[0.87809198 0.20887098 3.91935716]
[0.87805876 0.20881013 3.91937878]
[7.45196788e-01 4.81325187e-09 4.75225541e+00]
[0.88183559 0.20512268 3.92995123]
[0.73204385 0.21640187 4.43543881]
[7.41196955e-01 2.05322490e-03 4.77784100e+00]
[0.79613199 0.12331152 4.21970008]
[7.83862082e-01 1.23382648e-03 4.51469886e+00]
[7.54835238e-01 8.22964460e-04 4.68682540e+00]
[0.75483524 0.02300831 4.65969613]
[0.75769977 0.04920197 4.5978806 ]
[0.76041794 0.02497438 4.62096692]
[7.64087398e-01 1.45065329e-03 4.62738170e+00]
[0.6884208  0.21639386 4.76196639]
[0.72144979 0.16399556 4.5944445 ]
[0.71993505 0.19836708 4.54567381]
[0.74455286 0.10973756 4.55262413]
[0.71881336 0.2076673  4.54194031]
[7.57880488e-01 3.14632266e-04 4.66761308e+00]
[0.72255907 0.21639386 4.50472249]
[0.72255907 0.20941599 4.5121133 ]
[7.54896447e-01 9.18246940e-04 4.68632864e+00]
[0.72272077 0.22547242 4.4957891 ]
[0.72449193 0.21480939 4.49204109]
[0.72449193 0.21476521 4.49208579]
[0.7241668  0.21609501 4.49315458]
[0.72894506 0.21695283 4.45734869]
[0.71980234 0.21480939 4.52672267]
[7.44941558e-01 4.18905451e-09 4.75400700e+00]
[0.71950189 0.21640187 4.52737729]
[0.72280131 0.21640187 4.5029252 ]
[0.71615014 0.20644929 4.56327846]
[7.51964566e-01 4.81325187e-09 4.70656296e+00]
[0.71573291 0.1834192  4.60039896]
[0.72790933 0.1834192  4.5103293 ]
[0.72790933 0.19930908 4.48562591]
[0.72799728 0.19927254 4.4850354 ]
[0.72790933 0.17850425 4.5189875 ]
[0.72790933 0.17534429 4.52478373]
[0.72790933 0.1766543  4.52235969]
