0.6953896282961886
0.6953896282961886
0.6953896282961886
0.6953896282961886
0.6953896282961886
0.6953896282961886
0.6953896282961886
0.6953896282961886
0.6953896282961886
0.6953896282961886
0.6953896282961886
0.6953896282961886
0.6953896282961886
0.6953896282961886
0.6953896282961886
0.6953896282961886
0.6953896282961886
0.6953896282961886
0.6953896282961886
0.6953896282961886
0.6953896282961886
0.6953896282961886
0.6953896282961886
0.6953896282961886
0.6953896282961886
0.6953896282961886
0.6953896282961886
0.6953896282961886
0.6953896282961886
0.6953896282961886
0.6953896282961886
0.6953896282961886
0.694167152456488
0.694167152456488
0.694167152456488
0.694167152456488
0.694167152456488
0.694167152456488
0.694167152456488
0.694167152456488
0.694167152456488
0.694167152456488
0.694167152456488
0.694167152456488
0.6914560612085067
0.6914560612085067
0.6802227146770281
0.6772500641706753
0.6691207996496245
0.687768669875209
0.687768669875209
0.6554961434565648
0.6554961434565648
0.6554961434565648
0.6554961434565648
0.6554961434565648
0.6554961434565648
0.6554961434565648
0.6434079367932107
0.6434079367932107
0.6434079367932107
0.6434079367932107
0.615629391496077
0.615629391496077
0.615629391496077
0.6024486945363923
0.6024486945363923
0.60131666760121
0.60131666760121
0.5508847783092133
0.5508847783092133
0.5508847783092133
0.5508847783092133
0.5508847783092133
0.5508847783092133
0.5508847783092133
0.5508847783092133
0.5508847783092133
0.5508847783092133
0.5508847783092133
0.5508847783092133
0.5508847783092133
0.5508847783092133
0.5508847783092133
0.5508847783092133
0.5508847783092133
0.5508847783092133
0.5508847783092133
0.5508847783092133
0.5508847783092133
0.5508847783092133
0.5508847783092133
0.5508847783092133
0.542194688982373
0.542194688982373
0.5911662520507189
0.5911662520507189
0.5911662520507189
0.5902472812561165
0.5902472812561165
0.5902472812561165
0.5901957767237
0.5896192356723259
0.5785355706263996
0.5772932448030995
0.5772932448030995
0.5772932448030995
0.5772928148415194
0.5772351305839725
0.5772283481032192
0.5769691979068747
0.5769691979068747
0.5767736202793615
0.5772135278200397
0.5772135278200397
0.577441444444056
0.5774086432294631
0.5774086432294631
0.5774086432294631
0.5774015531531397
0.5774015531531397
0.5774015531531397
0.5774014320107089
0.5773978000807105
0.5773978000807105
0.5773978000807105
0.5773978000807105
0.5863291759943267
0.5863291759943267
0.5863291001568081
0.5861811389383895
0.5861608862564469
0.5860302659449792
0.5857856852660205
0.5857856852660205
0.5857856852660205
0.5856811557724046
0.5856694270373176
0.585669340476059
0.5856390566125291
0.5855287728166262
0.5855172193862982
0.5855172193862982
0.585342397420719
0.5853395183225499
0.5853398853681472
0.5853398853681472
0.5853403295060703
0.5853161076475574
0.5853096336241975
0.5853096333405968
0.5853096333405968
0.5853096333405968
0.5853096333405968
0.5853096333405968
0.5853104613769042
0.5852525786705505
0.585253166965367
0.5850475235043223
0.585044979265211
0.5847972735519685
0.5847972735519685
0.5847971845746914
0.5847971845746914
0.584790386891985
0.584790386891985
0.5847708877775855
0.5817569873233898
0.5817569873233898
0.5817567956987051
0.5817567956987051
0.5816582382785596
0.5816283336982608
0.5815893908896257
0.5815893908896257
0.5815715855061178
0.5815549169001645
0.5815549169001645
0.5815513004262906
0.5815513004262906
0.5815513004262906
0.5815492294260989
0.5815295801215216
0.5815295801215216
0.5815295801215216
0.5815055477618617
0.5815055101924184
0.5815055101924184
0.5815055101924184
0.5815018729756426
0.5815013535886584
0.5815013535886584
0.5815013022468034
0.581492520404347
0.581492520404347
0.581492520404347
0.581492511601421
0.5814706024708673
0.5814700499334214
0.5814700499334214
0.5812927118653688
0.5812925357217662
0.5812925059252924
0.5812925059252924
0.5812925059252924
0.5812925006946816
0.5812924535154378
0.5812654579032405
0.5812654579032405
0.58126522723817
0.5812628670603779
0.5812628647391779
0.5812627735351554
0.5812611035469694
0.5812611035469694
0.5812611035469694
0.5812155753527305
0.5812155753527305
0.5812154752182621
0.5812075573686087
0.5812075402596328
0.581195253599037
0.5811842400832123
0.5811842400832123
0.5811510466514829
0.5811510020990713
0.5811510020990713
0.5811510020990713
0.5811485133416286
0.58114647912348
0.58114647912348
0.58114647912348
0.58114647912348
0.58114647912348
0.5811465082121242
0.5811465024793003
0.5811465023394757
0.5811465022980403
0.5811465020674359
0.5811454858309333
0.5811454858309333
0.5811454858231284
0.5811454858223507
0.5811454858208981
0.5811454621802907
0.5811454621802907
0.5811454621802907
0.5811454621785977
0.5811454621785977
0.5811454621785977
0.5811454621785977
0.5811454621785977
0.5811454621785977
0.5811454621785977
0.5811454621785977
0.5811454707290327
0.5811454707290327
0.581144915590555
0.5811449155901117
0.5811449155901117
0.5811449155901117
0.5811449155901117
0.5811449155901117
0.5811449155901117
0.5811449157171433
0.5811449157171433
0.5811449157171433
0.5811449157171433
0.5811449157171433
0.5811449157171433
0.5811449157171433
0.581144651281854
0.581144651281854
0.581144651281854
0.581144651281854
0.581144651281854
0.581144651281854
0.581144651281854
0.5811446500677794
0.5811446223184071
0.5811446223184071
0.5811446223184071
0.5811446223184071
0.5811446223184071
0.5811446223184071
0.5811446223184071
0.5811446223184071
0.5811446223184071
0.5811446223184071
0.5811446223184071
0.5811446223184071
0.5811446223184071
0.5811446223184071
0.5811446223184071
0.5811446223184071
0.5811444929763229
0.5811444929763229
0.5811444929763229
0.5811444929763229
0.5811444929763229
