ID: 20231203152011_19066

Problem: dtlz7
Number of objects: 3
Number of variables: 3

Algorithm choice: 2
Algorithm phase strategy: global + local
First phase rate: 0.75
Population size: 15
Maximum number of function evaluations: 300

IGD: 0.5811444929763229
GD: 0.005385349193796754
HV: 0.6178150815075468
Time cost: 591.3249599933624

non_dom_solutions:
[0.1467280008712622, 0.2358172261050179, 0.0016093338273623845]
[0.11744841246772475, 0.05808626400471595, 0.004027134404125947]
[0.05292999379432588, 0.23549179735201803, 0.0016093338273623845]
[0.14943179605249957, 0.2885464275007965, 0.0001237152966209118]
[0.05292665473942731, 0.23549179735201803, 0.004782518818451509]
[0.004384094063848279, 0.2358172261050179, 0.0013633402299208389]
[0.07552100204528027, 0.2354997638251676, 0.0016091663790209747]
[0.030095189508019815, 0.06819052417558288, 0.0002286142376705519]
[0.004009970995562788, 0.23474981787129956, 0.0040263623561673095]
[0.011015824808792908, 0.12172244063498885, 0.00039652986104014853]
[0.015021480755604229, 0.2354997638251676, 0.0016091663790209747]
[0.0019442143275394189, 0.12172244063498885, 0.0003657746764141475]
[0.0016296365673455927, 0.14125630575859197, 0.0003655237345462046]
[0.011012826112583642, 0.11608723415714772, 0.00014489964141255435]
[0.011105987748532935, 0.14125630575859197, 0.0003655237345462046]
[0.030113241623175885, 0.11763256542094461, 0.0002286142376705519]
[0.03692416839762516, 0.11341716060002041, 0.0002286142376705519]
[0.036893156939797285, 0.11341716060002041, 0.00024020679603284226]
[0.030113241623175885, 0.10255272634433213, 0.00014552994886311892]
[0.033114098128051994, 0.13568826043233778, 0.0005440142643083695]
[0.028234241722520044, 0.10259320274390217, 0.00024020679603284226]
[0.0007032168747621685, 0.05808626400471595, 5.592782738481788e-05]
[0.023560289729869524, 0.05033563439752303, 0.00039652986104014853]
[0.00044098602342632943, 0.047356017176058744, 5.592782738481788e-05]
[0.0006850276592277206, 0.04610692733124597, 5.592782738481788e-05]
[0.03009514592871256, 0.10255272634433213, 0.00014552994886311892]
[0.0006850276592277206, 0.04610692733124597, 5.592782738481788e-05]
[0.010538882515393675, 0.0667173479538263, 0.00010489350737520088]
[8.303456361983836e-05, 0.06670039005947412, 5.592782738481788e-05]
[0.06284418124137126, 0.06819052417558288, 0.00039483255752440855]
[0.011015824808792908, 0.04734452054931016, 0.00039652986104014853]
[0.06084261137697895, 0.03935737853666409, 2.5016488643652877e-05]
[0.0006850276592277206, 0.04610692733124597, 5.592782738481788e-05]
[0.0005295866530956282, 0.05766450842020999, 0.00021390581117280137]
[0.0005295866530956282, 0.1138261532478982, 0.00021390581117280137]
[0.13648532669878255, 0.05674545722427283, 0.0004038657717597124]
[0.0004386487009112403, 0.052233163332637604, 5.592782738481788e-05]
[0.06084261137697895, 0.08466145613175534, 1.899350139390483e-05]
[0.00024726534148187575, 0.022643871284487187, 5.592782738481788e-05]
[0.07327763060818736, 0.05033563439752303, 0.0003842537136068685]
[0.06614513198774714, 0.03935737853666409, 1.3141807988320173e-05]
[0.0006883899924348426, 0.10065190669685575, 0.0002137637602258257]
[0.02371144484394111, 0.06053091890912333, 3.3811889805203605e-05]
[0.011158634546986484, 0.06053091890912333, 4.21314139707435e-05]
[0.041222410436240454, 0.04610692733124597, 5.592782738481788e-05]
[0.00027596915557429394, 0.04610692733124597, 5.592782738481788e-05]
[0.0004386487009112403, 0.052233163332637604, 5.592782738481788e-05]
[0.01120132768889856, 0.039316400648180705, 6.208316923273194e-05]
[0.0006850276592277206, 0.04610692733124597, 5.592782738481788e-05]
[0.021682667613649155, 0.05133431819656612, 2.360606788884994e-05]
[0.011223612197938404, 0.00013630429281144205, 6.225969240192392e-05]
[0.011228878050211461, 0.047356017176058744, 1.347191833829623e-06]
[0.10118735042374888, 0.00013630429281144205, 6.225969240192392e-05]
[0.0006850276592277206, 0.05660289469282128, 1.1773544891659432e-05]
[0.0029936941022081377, 0.00150512403961656, 1.587183190738398e-05]
[0.0029936941022081377, 0.00150512403961656, 1.587183190738398e-05]
[0.019492103395030894, 0.0015363161614809456, 5.592782738481788e-05]
[0.01122871069843862, 0.000912410812210003, 4.501309907771012e-07]
[2.5287809891173796e-05, 0.1299154388944189, 5.905059675910764e-07]
[0.009684554829341682, 0.0003792978354497552, 6.739723053072227e-07]
[0.00024726534148187575, 0.02691642266086091, 1.6907859577334705e-05]
[0.009610465303184764, 2.9965794437248477e-05, 5.5765907401888084e-05]
[0.03766530574845402, 0.0003854388282338204, 3.4814293674066763e-06]
[0.01942215687509821, 2.9965794437248477e-05, 5.5765907401888084e-05]
[0.09934914170854466, 0.0015323931918370913, 5.584930988061241e-05]
[0.011335312820970542, 2.825682832664463e-05, 8.21304308746421e-06]
[0.0028755769717994364, 0.08458273350148027, 6.157177989223113e-05]
[0.10259294569434921, 0.00150512403961656, 6.157177989223113e-05]
[0.09843515937810587, 0.01330397171674201, 5.8208976195364435e-05]
[0.002918509137401099, 0.0014965534168316795, 4.464990168837773e-05]
[0.002837579903580507, 0.10141555620211239, 4.464990168837773e-05]
[0.011094492573139304, 0.0009249314836152139, 5.6269645884891224e-05]
[0.002061427802495891, 0.012257701054930086, 1.587183190738398e-05]
[0.0025368473693994837, 5.557412443344761e-09, 1.2433101718750428e-08]
[4.83446907182472e-10, 0.01403264044470443, 7.487721087258953e-06]
[3.993203807121916e-10, 5.555320719816515e-09, 5.059200488538074e-09]
[3.71414369876726e-10, 0.0144262347823905, 3.32610892455556e-09]
[6.193967666341939e-10, 0.004927562739175416, 3.9792022301464826e-08]
[6.20291066905503e-10, 4.555572943097191e-09, 1.1073916489039348e-10]
[0.001717120473210331, 1.1856232226169541e-08, 1.2851022618185729e-08]
[2.3731397242362967e-10, 4.541772294207398e-09, 3.840443941132569e-08]
[1.8441818364840962e-09, 0.0015564961828414738, 6.2226988394511605e-09]
[0.002749847724081786, 2.8732337402005695e-09, 5.0605080661550335e-09]
[6.20291066905503e-10, 0.0006703030928064293, 3.345216852419246e-09]
[1.8394943741048458e-10, 0.0002613227257713911, 7.212851848922377e-10]
[0.00193124488848299, 7.3463390104365955e-09, 5.059200488538074e-09]
[6.20291066905503e-10, 0.002167747869473293, 1.5126071101121644e-08]
[0.004814589769561634, 4.2914583912810026e-09, 3.8809176817503675e-08]
[9.662071815441972e-11, 5.557412443344761e-09, 5.013650222763173e-09]
[0.00012308986419695618, 1.3959066367234258e-09, 5.053405935498831e-09]
[0.0002766221396250085, 7.3498270227099665e-09, 6.022682613646927e-09]
[6.20291066905503e-10, 0.005950433245482303, 1.1073916489039348e-10]
[0.0018630529299359464, 5.555320719816515e-09, 5.059200488538074e-09]
[0.004823998678186973, 7.3498270227099665e-09, 6.000023788272226e-09]
[3.993203807121916e-10, 0.012896030814895836, 5.059200488538074e-09]
[6.20291066905503e-10, 0.0007283189278836623, 6.022682613646927e-09]
[0.0010166140277589038, 4.555572943097191e-09, 3.267835630671402e-09]
[6.028633147661956e-10, 4.56739925093584e-09, 3.345216852419246e-09]
[1.0285545120819408e-10, 5.5574156661133475e-09, 5.013375600839524e-09]
[5.3254461226225813e-11, 0.001306465382664211, 5.013375600839524e-09]
[9.559378392715707e-11, 7.403051994688154e-09, 5.013650222763173e-09]
[9.984141499431053e-11, 1.675802953748267e-08, 1.3278027002151848e-10]
[6.20291066905503e-10, 4.549646987852216e-09, 3.3163132166248404e-09]
[6.20291066905503e-10, 0.02171502054219945, 3.31646225473016e-09]

non_dom_solutions_y:
[0.146728   0.23581723 5.32927858]
[0.11744841 0.05808626 5.79792606]
[0.05292999 0.2354918  5.54204572]
[0.1494318  0.28854643 5.29968475]
[0.05292665 0.2354918  5.62772812]
[4.38409406e-03 2.35817226e-01 5.60894448e+00]
[0.075521   0.23549976 5.49544092]
[0.03009519 0.06819052 5.85859512]
[4.00997100e-03 2.34749818e-01 5.68174283e+00]
[0.01101582 0.12172244 5.76586187]
[0.01502148 0.23549976 5.60314924]
[1.94421433e-03 1.21722441e-01 5.77520909e+00]
[1.62963657e-03 1.41256306e-01 5.72973335e+00]
[0.01101283 0.11608723 5.77252609]
[0.01110599 0.14125631 5.71912167]
[0.03011324 0.11763257 5.7447014 ]
[0.03692417 0.11341716 5.74380801]
[0.03689316 0.11341716 5.74417273]
[0.03011324 0.10255273 5.77843816]
[0.0331141  0.13568826 5.70577234]
[0.02823424 0.1025932  5.78378479]
[7.03216875e-04 5.80862640e-02 5.91248133e+00]
[0.02356029 0.05033563 5.90862804]
[4.40986023e-04 4.73560172e-02 5.93327004e+00]
[6.85027659e-04 4.61069273e-02 5.93530266e+00]
[0.03009515 0.10255273 5.77846625]
[6.85027659e-04 4.61069273e-02 5.93530266e+00]
[0.01053888 0.06671735 5.88528957]
[8.30345636e-05 6.67003901e-02 5.89550391e+00]
[0.06284418 0.06819052 5.80367256]
[0.01101582 0.04734452 5.93077275]
[0.06084261 0.03935738 5.8532009 ]
[6.85027659e-04 4.61069273e-02 5.93530266e+00]
[5.29586653e-04 5.76645084e-02 5.91775962e+00]
[5.29586653e-04 1.13826153e-01 5.79141683e+00]
[0.13648533 0.05674546 5.65775081]
[4.38648701e-04 5.22331633e-02 5.92414886e+00]
[0.06084261 0.08466146 5.76139141]
[2.47265341e-04 2.26438713e-02 5.97382243e+00]
[0.07327763 0.05033563 5.81708866]
[0.06614513 0.03935738 5.84197016]
[6.88389992e-04 1.00651907e-01 5.82263580e+00]
[0.02371144 0.06053092 5.87872622]
[0.01115863 0.06053092 5.89558721]
[0.04122241 0.04610693 5.87915416]
[2.75969156e-04 4.61069273e-02 5.93571542e+00]
[4.38648701e-04 5.22331633e-02 5.92414886e+00]
[0.01120133 0.0393164  5.93574067]
[6.85027659e-04 4.61069273e-02 5.93530266e+00]
[0.02168267 0.05133432 5.89934157]
[1.12236122e-02 1.36304293e-04 5.98913590e+00]
[0.01122888 0.04735602 5.91982417]
[1.01187350e-01 1.36304293e-04 5.81783446e+00]
[6.85027659e-04 5.66028947e-02 5.91424161e+00]
[2.99369410e-03 1.50512404e-03 5.99582392e+00]
[2.99369410e-03 1.50512404e-03 5.99582392e+00]
[1.94921034e-02 1.53631616e-03 5.97689863e+00]
[1.12287107e-02 9.12410812e-04 5.98667709e+00]
[2.52878099e-05 1.29915439e-01 5.74787538e+00]
[9.68455483e-03 3.79297835e-04 5.98907026e+00]
[2.47265341e-04 2.69164227e-02 5.96653706e+00]
[9.61046530e-03 2.99657944e-05 5.99099595e+00]
[3.76653057e-02 3.85438828e-04 5.94895021e+00]
[1.94221569e-02 2.99657944e-05 5.97851815e+00]
[9.93491417e-02 1.53239319e-03 5.82058884e+00]
[1.13353128e-02 2.82568283e-05 5.98764949e+00]
[2.87557697e-03 8.45827335e-02 5.85361707e+00]
[1.02592946e-01 1.50512404e-03 5.81309484e+00]
[0.09843516 0.01330397 5.80939496]
[2.91850914e-03 1.49655342e-03 5.99668911e+00]
[2.83757990e-03 1.01415556e-01 5.81404167e+00]
[1.10944926e-02 9.24931484e-04 5.98833383e+00]
[2.06142780e-03 1.22577011e-02 5.98465643e+00]
[2.53684737e-03 5.55741244e-09 5.99740283e+00]
[4.83446907e-10 1.40326404e-02 5.98431905e+00]
[3.99320381e-10 5.55532072e-09 6.00000013e+00]
[3.71414370e-10 1.44262348e-02 5.98361844e+00]
[6.19396767e-10 4.92756274e-03 5.99484475e+00]
[6.20291067e-10 4.55557294e-09 6.00000000e+00]
[1.71712047e-03 1.18562322e-08 5.99825543e+00]
[2.37313972e-10 4.54177229e-09 6.00000103e+00]
[1.84418184e-09 1.55649618e-03 5.99842084e+00]
[2.74984772e-03 2.87323374e-09 5.99717903e+00]
[6.20291067e-10 6.70303093e-04 5.99932555e+00]
[1.83949437e-10 2.61322726e-04 5.99973805e+00]
[1.93124489e-03 7.34633901e-09 5.99803373e+00]
[6.20291067e-10 2.16774787e-03 5.99778837e+00]
[4.81458977e-03 4.29145839e-09 5.99496806e+00]
[9.66207182e-11 5.55741244e-09 6.00000013e+00]
[1.23089864e-04 1.39590664e-09 5.99987690e+00]
[2.76622140e-04 7.34982702e-09 5.99972281e+00]
[6.20291067e-10 5.95043325e-03 5.99371603e+00]
[1.86305293e-03 5.55532072e-09 5.99810437e+00]
[4.82399868e-03 7.34982702e-09 5.99495691e+00]
[3.99320381e-10 1.28960308e-02 5.98554055e+00]
[6.20291067e-10 7.28318928e-04 5.99926684e+00]
[1.01661403e-03 4.55557294e-09 5.99897373e+00]
[6.02863315e-10 4.56739925e-09 6.00000009e+00]
[1.02855451e-10 5.55741567e-09 6.00000013e+00]
[5.32544612e-11 1.30646538e-03 5.99867758e+00]
[9.55937839e-11 7.40305199e-09 6.00000013e+00]
[9.98414150e-11 1.67580295e-08 5.99999999e+00]
[6.20291067e-10 4.54964699e-09 6.00000008e+00]
[6.20291067e-10 2.17150205e-02 5.97387185e+00]
