1.406402818845633
1.406402818845633
1.406402818845633
1.406402818845633
1.406402818845633
1.406402818845633
1.406402818845633
1.406402818845633
1.406402818845633
1.406402818845633
1.406402818845633
1.406402818845633
1.406402818845633
1.406402818845633
1.406402818845633
1.406402818845633
1.406402818845633
1.406402818845633
1.406402818845633
1.406402818845633
1.406402818845633
1.406402818845633
1.406402818845633
1.406402818845633
1.406402818845633
1.406402818845633
1.406402818845633
1.406402818845633
1.406402818845633
1.406402818845633
1.406402818845633
1.406402818845633
1.406402818845633
1.406402818845633
1.406402818845633
1.406402818845633
1.406402818845633
1.406402818845633
1.406402818845633
1.406402818845633
1.406402818845633
1.406402818845633
1.406402818845633
1.406402818845633
1.406402818845633
1.406402818845633
1.406402818845633
1.406402818845633
1.406402818845633
1.406402818845633
1.406402818845633
1.406402818845633
1.406402818845633
1.406402818845633
1.001341647081312
1.001341647081312
1.001341647081312
1.001341647081312
1.001341647081312
1.0007111062223768
1.0007111062223768
1.0007111062223768
1.0007111062223768
1.0007111062223768
1.0007111062223768
1.0007111062223768
1.0007111062223768
0.9750278270551545
0.9750278270551545
0.9750278270551545
0.9809362583193914
0.8974644600039285
0.8923194834452837
0.8923194834452837
0.8872453740103455
0.8833942658933627
0.8832493611664402
0.8832493409349981
0.883551052837576
0.8834563313181168
0.8834565947090679
0.8835022833913843
0.8834619831133212
0.8834696073156898
0.8834581308545537
0.8834585915664191
0.8834572720031999
0.8834558078349045
0.8834558076913829
0.8834566345665731
0.8834566345059698
0.8834566345005518
0.8834566344961139
0.8834566344961139
0.8834557013509107
0.8834557013509107
0.8834557013508678
0.8834557013508678
0.8834557013508678
0.8834557013508678
0.8834557013508678
0.8834557013508678
0.8834557013508678
0.8834557013508678
0.8834557013508678
0.8834557013508678
0.8834557013508678
0.8834557013496872
0.8834557013494028
0.8834557013494028
0.8834557013494028
0.8834557013494028
0.8834557013494028
0.8834557013494028
0.8834557013494028
0.8834557013494028
0.8834557013494028
0.8834557013494028
0.8834557013494028
0.8834557013494028
0.8834557013494028
0.8834557013494028
0.8657654534996339
0.8657654534996339
0.8657654534996339
0.7898448218203649
0.7898448218203649
0.7898448218203649
0.7898448218203649
0.7898448218203649
0.7898448218203649
0.7898448218203649
0.7898448218203649
0.7898448218203649
0.7898448218203649
0.7898448218203649
0.7898386263958466
0.787095649100993
0.787095649100993
0.787095649100993
0.787095649100993
0.786963339225491
0.786963339225491
0.786963339225491
0.786963339225491
0.786963339225491
0.786963339225491
0.786963339225491
0.786963339225491
0.786963339225491
0.786963339225491
0.786963339225491
0.786963339225491
0.786963339225491
0.786962369942383
0.786962369942383
0.7869619574536935
0.7869619574536935
0.7869618917737514
0.7869618917737514
0.7869618917737514
0.7869608147545271
0.7869608147545271
0.7869608147545271
0.7869608147545271
0.7869608147545271
0.7869608147544345
0.7869608147544345
0.7869608147544345
0.7869608147544345
0.7869608147544345
0.7869608147544345
0.7869608147544345
0.7869608147544345
0.7869608147544345
0.7868787518609923
0.7868776794485143
0.7868776794485143
0.7868776794485143
0.7868776794485143
0.7868772606803781
0.7868772606802582
0.7868772606802582
0.7868772606802582
0.7868772606802582
0.7868772172445064
0.7868772172445064
0.7868772172445064
0.7868772172445064
0.7868772172445064
0.7868772172445064
0.7868772172444639
0.7868772172444639
0.7868772172444639
0.7868772172444639
0.7868772172444639
0.7868772172442838
0.7868772172442838
0.7868772172442838
0.7868772172442838
0.7868772172442838
0.7868772172442838
0.7868772172442838
0.7868772172442838
0.7868772172442838
0.7868772172442838
0.7868772172442838
0.7593220614156255
0.7593220614155557
0.7593220614155557
0.7593220614155557
0.7593220614155557
0.7593220614155557
0.7593220614155557
0.7593220614155557
0.7593220614155557
0.7593220614155557
0.7593220614155557
0.7593220614155557
0.7593220614155557
0.7593220614155557
0.7593220614155557
0.7593220614155557
0.7593220614155557
0.7593220614155557
0.7593220165964286
0.7593220165964286
0.7591559576109844
0.7591559576109844
0.7591559576109844
0.7591559576109844
0.7591559576109844
0.7591559576109844
0.7591559576109844
0.7186858741346944
0.7186858741346944
0.7186858741346944
0.7186858741346944
0.7186858741346944
0.7186858741346944
0.7186858741346944
0.7186858741346944
0.7186858741346944
0.7186858741346944
0.7186858741346944
0.7186858741346944
0.7186858741346944
0.7186858741346944
0.7186858741346944
0.7186858270824723
0.7186858270824723
0.7186858270824723
0.7186858270824723
0.7186841650718558
0.7186832492244596
0.7186348793686864
0.7186348793686864
0.7186348793686864
0.7186348793686864
0.7186348793686864
0.7186348793686864
0.7186348793686864
0.7186348793686864
0.7186348793686864
0.7186348793686864
0.7186348793686864
0.7186348793686864
0.7186348793686864
0.7186348793686864
0.7186348793686864
0.7186348793686864
0.7186348793686864
0.7186348793686864
0.7186348793686864
0.7186348793686864
0.7186348793686864
0.7186340019924871
0.7186340019924871
0.7186340019924871
0.7186340019924871
0.7177006480180979
0.7177006480180979
0.7177006480180979
0.7177006480180979
0.7177006480180979
0.7177006480180979
0.7177006480180979
0.7177006480180979
0.7177006480180979
0.7177001826220271
0.7177001826220271
0.7177001826220271
0.7177001826220271
0.7177001826220271
0.7177001826220271
0.7177001826220271
0.7177001826220271
0.7177001826220271
0.7177001826220271
0.7177001826220271
