ID: 20231203221338_1818

Problem: dtlz7
Number of objects: 3
Number of variables: 5

Algorithm choice: 2
Algorithm phase strategy: local + global
First phase rate: 1.0
Population size: 15
Maximum number of function evaluations: 300

IGD: 0.7177001826220271
GD: 0.019816983569972493
HV: 0.3979916984236781
Time cost: 1969.4347743988037

non_dom_solutions:
[5.800109491208125e-07, 1.0137815567221303e-08, 2.207382394306169e-09, 1.7024500932475564e-09, 6.6863549227252125e-09]
[1.7806970554382182e-06, 1.3245956423794768e-08, 6.651825355790991e-10, 9.134540059606854e-10, 7.184052466935187e-09]
[2.613233258963194e-09, 4.391221366726022e-09, 2.271785074998374e-09, 1.7027463471597108e-09, 6.646256167097953e-09]
[2.321850121792088e-07, 1.0137815567221303e-08, 2.271707501226495e-09, 1.7034484627743285e-09, 6.6863549227252125e-09]
[6.766106796656374e-09, 0.02258009790578728, 2.2073818882946545e-09, 1.7024500932475564e-09, 5.269543116591342e-10]
[0.11710990403951514, 1.0151388255561228e-08, 2.271785074998374e-09, 1.5889112258505177e-09, 6.685394846437495e-09]
[2.473692088235996e-09, 9.222296361101074e-09, 1.8753097986029525e-09, 1.8344174651725537e-09, 6.6863549227252125e-09]
[0.0128073434572252, 4.1267487063605016e-10, 0.03254630815543399, 1.705024983521684e-09, 5.484114659012092e-10]
[6.760773184928815e-09, 9.470387815138113e-10, 2.1839803298854832e-09, 1.702393434134852e-09, 2.985228435454741e-09]
[1.1475981416764155e-09, 0.012768050228671224, 2.2072388739666475e-09, 1.702393434134852e-09, 2.807492717635565e-09]
[6.766049791840129e-09, 0.03565695633498931, 4.081708239950133e-11, 1.6990664062184708e-09, 2.49474798405885e-09]
[0.023784148092367053, 1.015368328599211e-08, 2.2266833368904866e-09, 1.5889112258505177e-09, 6.556910324873945e-09]
[1.0482503911613602e-07, 1.015277453123213e-08, 1.3374646328307314e-09, 1.6990583822394523e-09, 3.463739883184633e-11]
[6.4014902620226885e-09, 0.0061576428881629924, 4.653600757684125e-10, 1.7060972852910585e-09, 1.3815075569935337e-09]
[0.0016179919889741763, 1.0119182628229188e-08, 2.2073818882946545e-09, 1.1584690108460552e-09, 1.4640837712975538e-10]
[6.766103820784647e-09, 0.005707950923159672, 2.2073818882946545e-09, 1.7024500932475564e-09, 5.293402429353094e-10]
[6.766106796656374e-09, 0.003363451649413835, 2.2073818882946545e-09, 1.7024500932475564e-09, 5.486911962166185e-10]
[0.004632863512628864, 1.0150048057611788e-08, 1.2806849839144122e-09, 1.835448494137119e-09, 1.3907973747011911e-09]
[3.0800585374871096e-10, 1.0137815567221303e-08, 5.792336054329245e-10, 1.7024500932475564e-09, 1.4209646570164233e-11]
[6.766103820784647e-09, 0.0006423634220343394, 6.373510052144899e-10, 1.7024500932475564e-09, 1.5362602389913995e-11]
[3.8415703193388236e-10, 9.94525959605334e-09, 1.2787695410804184e-09, 1.7061278402487835e-09, 1.4209646570164233e-11]
[9.517334538265998e-10, 1.0136894061648022e-08, 6.254733313435771e-10, 1.6936352865646658e-09, 6.227898975007326e-10]
[6.775630659648382e-09, 9.044774646338643e-05, 1.3244907284366055e-09, 1.6990583822394523e-09, 1.7822909292246311e-10]
[0.001741339150395878, 1.0195669003486248e-08, 6.364315930996732e-10, 1.6935059131627282e-09, 3.3844024256755224e-10]
[0.03478855144275152, 1.0130039969641519e-08, 1.6212126076901873e-10, 1.7024500932475564e-09, 3.0621192245079615e-12]
[0.007984170218463104, 1.0137815567221303e-08, 5.792336054329245e-10, 1.6102678314237198e-09, 1.4209646570164233e-11]
[0.002983091817031688, 1.0196114098855699e-08, 5.192796747240242e-10, 1.7024500932475564e-09, 2.499408945335098e-09]
[3.508177621294075e-09, 0.0017874584506777475, 1.356430950233144e-09, 1.7034069192377238e-09, 2.520187130869365e-09]
[5.8021055601526795e-08, 0.009802581162679215, 2.2073818882946545e-09, 1.7024500932475564e-09, 5.484058710419207e-10]
[7.1394209774455504e-09, 6.1648173508701475e-09, 5.81021538249072e-10, 2.245559866536816e-10, 1.7822909292246311e-10]
[0.006342781341915344, 1.013693596076572e-08, 6.254733313435771e-10, 1.6937245674893194e-09, 6.227898975007326e-10]
[5.792127102548342e-08, 0.0046303535102518644, 6.284614562249585e-10, 1.7024500932475564e-09, 2.044507844072699e-10]
[2.4467073881831473e-10, 1.0140772916076121e-08, 0.0836051207749608, 2.9331017738311287e-10, 0.04660376742330378]
[5.742822102458902e-08, 0.003083015697110228, 2.1974372370240043e-09, 1.1414066685630596e-09, 5.484058710419207e-10]
[6.766049791840129e-09, 0.0017850675033722182, 5.190010920925212e-10, 6.733666284862305e-10, 2.0458236542707006e-10]
[4.0025430112483744e-09, 6.07937650647972e-09, 1.3244907284366055e-09, 7.13971715271767e-10, 1.7822909292246311e-10]
[6.766049791840129e-09, 6.164104692967684e-09, 5.81021538249072e-10, 6.733666284862305e-10, 1.08439807460711e-10]
[6.766049791840129e-09, 0.0005364192658802161, 5.81021538249072e-10, 6.733666284862305e-10, 1.6296028376345647e-10]
[7.061732023441876e-09, 0.00011365279251563873, 5.81021538249072e-10, 1.6976544143902167e-09, 1.7822909292246311e-10]
[1.0331780805426479e-07, 9.78680971100143e-09, 2.1937217636353762e-09, 1.6936352865646658e-09, 6.25502222321649e-10]
[0.017731822548830434, 0.09601093485920545, 5.81021538249072e-10, 2.245559866536816e-10, 3.513159279338806e-12]
[6.766049791840129e-09, 2.1273290898471252e-09, 5.81021538249072e-10, 6.685895608558734e-10, 7.289146541293565e-11]
[5.0909466390700385e-09, 0.0022902207763292673, 5.192796747240242e-10, 1.731250064835269e-09, 2.044507844072699e-10]
[5.657972563190159e-08, 9.819157587597587e-09, 1.3792063601388155e-09, 1.007508745607504e-09, 5.484058710419207e-10]
[6.7550118278977105e-09, 7.2644820505382865e-09, 1.3488463305239076e-10, 2.245559866536816e-10, 1.7920405827397684e-10]
[6.201016224706077e-09, 1.018995602471848e-08, 5.81021538249072e-10, 2.245559866536816e-10, 1.7200130665419478e-10]
[2.441630533068715e-09, 9.505999799729078e-09, 5.81021538249072e-10, 2.245559866536816e-10, 1.7207946197959263e-10]
[6.496906758662594e-09, 9.950919997071869e-09, 5.810121751394011e-10, 2.245559866536816e-10, 1.7569978161309107e-10]
[8.026748861726403e-09, 0.022373550385546358, 5.200671928317653e-10, 2.245559866536816e-10, 1.7569978161309107e-10]
[5.7517593694667766e-08, 1.0196114098855699e-08, 5.92091056175363e-10, 1.7024500932475564e-09, 5.484058710419207e-10]
[0.06800079115150047, 3.967227137076887e-09, 1.3668959788959788e-09, 2.0206657835598936e-10, 5.484058710419207e-10]
[1.0120598583224028e-07, 1.0137815567221303e-08, 2.2073818882946545e-09, 1.0943173973915972e-09, 2.474540143035069e-10]
[0.18477370403471724, 1.019448550884524e-08, 6.27661317744984e-10, 1.7024500932475564e-09, 5.484058710419207e-10]
[5.8020345546702765e-08, 9.819157587597587e-09, 1.3792063601388155e-09, 1.0107791835231843e-09, 5.484058710419207e-10]
[5.657972563190159e-08, 1.0202635092290122e-08, 1.3792063601388155e-09, 1.007508745607504e-09, 5.484058710419207e-10]
[5.7517593694667766e-08, 1.0196114098855699e-08, 5.92091056175363e-10, 1.7024500932475564e-09, 5.484058710419207e-10]
[0.00499857833460266, 9.819157587597587e-09, 1.3792063601388155e-09, 1.0108254901970732e-09, 5.484058710419207e-10]
[5.657972563190159e-08, 1.0131486408129084e-08, 1.3792063601388155e-09, 1.007508745607504e-09, 5.484058710419207e-10]
[0.0357287999431466, 1.0196114098855699e-08, 5.3590256668016443e-11, 1.7024500932475564e-09, 5.484058710419207e-10]
[0.009942808347562122, 1.0196114098855699e-08, 5.92091056175363e-10, 1.7024500932475564e-09, 5.484058710419207e-10]
[0.08464119205174417, 1.0190684863505695e-08, 5.192796747240242e-10, 1.6967176252576345e-09, 2.044507844072699e-10]
[5.657972563190159e-08, 1.0202924548596622e-08, 1.3792063601388155e-09, 1.007508745607504e-09, 5.484058710419207e-10]
[4.649838434507466e-08, 8.531191232615495e-09, 5.819498620203555e-10, 1.7024956221171708e-09, 1.9756712628369297e-10]
[5.802161170357725e-08, 1.0196114098855699e-08, 5.75247071260517e-10, 2.1879653793527882e-10, 5.365898056657226e-10]
[5.806670493702538e-08, 1.0196114098855699e-08, 5.473820250078849e-10, 2.2038714748226293e-10, 5.264878691080021e-10]
[0.009893521392793229, 9.950354947801011e-09, 5.480658033315345e-10, 1.6966329840671081e-09, 1.9849995324250175e-10]
[1.0336998222632027e-07, 1.0191987360141467e-08, 5.818496911482831e-10, 1.7025147727228626e-09, 1.5641763468209058e-10]
[0.08330759007817333, 1.019710254324635e-08, 5.468712298137388e-10, 1.696852802341455e-09, 1.791556827429603e-10]
[5.752138201712316e-08, 9.950617217960897e-09, 5.780878619490964e-11, 1.6968032279460079e-09, 1.7894013138733384e-10]
[0.0693366059617608, 0.056094469363232036, 1.1251829611764766e-10, 1.6968032279460079e-09, 1.7894013138733384e-10]
[5.806670493702538e-08, 0.02241536119644153, 5.472493702553578e-10, 1.7154483646773439e-09, 1.9755974121910622e-10]
[4.8572801644537234e-08, 1.0196114098855699e-08, 5.192796747240242e-10, 1.7025147727228626e-09, 1.7810846819590818e-10]
[5.801139041857194e-08, 0.0342917455128278, 5.238287683002541e-10, 1.7025147727228626e-09, 1.7531790777529e-10]
[1.3779395117601297e-08, 1.0196114098855699e-08, 5.473820250078849e-10, 2.2038714748226293e-10, 5.381079001517461e-10]
[4.084700126484937e-08, 1.0196114098855699e-08, 5.751781344860458e-10, 1.3156306047817865e-09, 1.7532113488965298e-10]
[5.802101239774996e-08, 1.0196114098855699e-08, 9.374580829406216e-12, 1.7025147727228626e-09, 2.010804897680697e-10]
[5.8015949646864214e-08, 7.160341197554343e-10, 5.780878619490964e-11, 1.7026232729108229e-09, 1.790605867048854e-10]

non_dom_solutions_y:
[5.80010949e-07 1.01378156e-08 5.99999951e+00]
[1.78069706e-06 1.32459564e-08 5.99999828e+00]
[2.61323326e-09 4.39122137e-09 6.00000009e+00]
[2.32185012e-07 1.01378156e-08 5.99999985e+00]
[6.76610680e-09 2.25800979e-02 5.97265080e+00]
[1.17109904e-01 1.01513883e-08 5.77832330e+00]
[2.47369209e-09 9.22229636e-09 6.00000008e+00]
[1.28073435e-02 4.12674871e-10 6.27856727e+00]
[6.76077318e-09 9.47038782e-10 6.00000005e+00]
[1.14759814e-09 1.27680502e-02 5.98569926e+00]
[6.76604979e-09 3.56569563e-02 5.95258452e+00]
[2.37841481e-02 1.01536833e-08 5.97092901e+00]
[1.04825039e-07 1.01527745e-08 5.99999991e+00]
[6.40149026e-09 6.15764289e-03 5.99348523e+00]
[1.61799199e-03 1.01191826e-08 5.99835736e+00]
[6.76610382e-09 5.70795092e-03 5.99398516e+00]
[6.76610680e-09 3.36345165e-03 5.99652998e+00]
[4.63286351e-03 1.01500481e-08 5.99516494e+00]
[3.08005854e-10 1.01378156e-08 6.00000001e+00]
[6.76610382e-09 6.42363422e-04 5.99935376e+00]
[3.84157032e-10 9.94525960e-09 6.00000002e+00]
[9.51733454e-10 1.01368941e-08 6.00000002e+00]
[6.77563066e-09 9.04477465e-05 5.99990950e+00]
[1.74133915e-03 1.01956690e-08 5.99823010e+00]
[3.47885514e-02 1.01300400e-08 5.95400845e+00]
[7.98417022e-03 1.01378156e-08 5.99141561e+00]
[2.98309182e-03 1.01961141e-08 5.99693308e+00]
[3.50817762e-09 1.78745845e-03 5.99818248e+00]
[5.80210556e-08 9.80258116e-03 5.98929306e+00]
[7.13942098e-09 6.16481735e-09 6.00000000e+00]
[6.34278134e-03 1.01369360e-08 5.99327829e+00]
[5.79212710e-08 4.63035351e-03 5.99516761e+00]
[2.44670739e-10 1.01407729e-08 7.17187999e+00]
[5.74282210e-08 3.08301570e-03 5.99682739e+00]
[6.76604979e-09 1.78506750e-03 5.99818491e+00]
[4.00254301e-09 6.07937651e-09 6.00000001e+00]
[6.76604979e-09 6.16410469e-09 6.00000000e+00]
[6.76604979e-09 5.36419266e-04 5.99946087e+00]
[7.06173202e-09 1.13652793e-04 5.99988624e+00]
[1.03317808e-07 9.78680971e-09 5.99999993e+00]
[0.01773182 0.09601093 5.80780931]
[6.76604979e-09 2.12732909e-09 6.00000000e+00]
[5.09094664e-09 2.29022078e-03 5.99766037e+00]
[5.65797256e-08 9.81915759e-09 5.99999996e+00]
[6.75501183e-09 7.26448205e-09 5.99999999e+00]
[6.20101622e-09 1.01899560e-08 5.99999999e+00]
[2.44163053e-09 9.50599980e-09 6.00000000e+00]
[6.49690676e-09 9.95092000e-09 5.99999999e+00]
[8.02674886e-09 2.23735504e-02 5.97294352e+00]
[5.75175937e-08 1.01961141e-08 5.99999996e+00]
[6.80007912e-02 3.96722714e-09 5.89134081e+00]
[1.01205986e-07 1.01378156e-08 5.99999992e+00]
[1.84773704e-01 1.01944855e-08 5.63313667e+00]
[5.80203455e-08 9.81915759e-09 5.99999996e+00]
[5.65797256e-08 1.02026351e-08 5.99999996e+00]
[5.75175937e-08 1.01961141e-08 5.99999996e+00]
[4.99857833e-03 9.81915759e-09 5.99476604e+00]
[5.65797256e-08 1.01314864e-08 5.99999996e+00]
[3.57287999e-02 1.01961141e-08 5.95246612e+00]
[9.94280835e-03 1.01961141e-08 5.98912684e+00]
[8.46411921e-02 1.01906849e-08 5.85477529e+00]
[5.65797256e-08 1.02029245e-08 5.99999996e+00]
[4.64983843e-08 8.53119123e-09 5.99999997e+00]
[5.80216117e-08 1.01961141e-08 5.99999994e+00]
[5.80667049e-08 1.01961141e-08 5.99999994e+00]
[9.89352139e-03 9.95035495e-09 5.98918531e+00]
[1.03369982e-07 1.01919874e-08 5.99999991e+00]
[8.33075901e-02 1.01971025e-08 5.85779935e+00]
[5.75213820e-08 9.95061722e-09 5.99999995e+00]
[0.06933661 0.05609447 5.80412181]
[5.80667049e-08 2.24153612e-02 5.97288428e+00]
[4.85728016e-08 1.01961141e-08 5.99999996e+00]
[5.80113904e-08 3.42917455e-02 5.95481733e+00]
[1.37793951e-08 1.01961141e-08 5.99999999e+00]
[4.08470013e-08 1.01961141e-08 5.99999997e+00]
[5.80210124e-08 1.01961141e-08 5.99999995e+00]
[5.80159496e-08 7.16034120e-10 5.99999996e+00]
