1.8069967731833432
1.8069967731833432
1.8069967731833432
1.8069967731833432
1.8069967731833432
1.8069967731833432
1.8069967731833432
1.8069967731833432
1.8069967731833432
1.8069967731833432
1.8069967731833432
1.8069967731833432
1.8069967731833432
1.8069967731833432
1.8069967731833432
1.8069967731833432
1.8069967731833432
1.8069967731833432
1.8069967731833432
1.8069967731833432
1.8069967731833432
1.8069967731833432
1.8069967731833432
1.8069967731833432
1.8069967731833432
1.8069967731833432
1.8069967731833432
1.8069967731833432
1.8069967731833432
1.8069967731833432
1.8069967731833432
1.8069967731833432
1.8069967731833432
1.8069967731833432
1.8069967731833432
1.8069967731833432
1.8069967731833432
1.8069967731833432
1.8069967731833432
1.8069967731833432
1.8069967731833432
1.8069967731833432
1.8069967731833432
1.8069967731833432
1.8069967731833432
1.8069967731833432
1.8069967731833432
1.8069967731833432
1.8069967731833432
1.8069967731833432
1.8069967731833432
1.8069967731833432
1.8069967731833432
1.8069967731833432
0.8425579099470589
0.8425579099470589
0.8425579099470589
0.8425579099470589
0.8425579099470589
0.8425579099470589
0.8425579099470589
0.8425579099470589
0.8425579099470589
0.8425579099470589
0.8425579099470589
0.5830477962206242
0.5830477962206242
0.5058045143882962
0.5058045143882962
0.5058045143882962
0.5058045143882962
0.5058045143882962
0.5058045143882962
0.5058045143882962
0.5058045143882962
0.5058045143882962
0.5056545552859827
0.5056545552859827
0.5053447395538523
0.5053447395538523
0.5053447395538523
0.5053447395538523
0.502524804867068
0.502524804867068
0.5023562249124384
0.47486459360872857
0.4920257353770407
0.4863655463338065
0.4840464841359319
0.5729785190460989
0.5655355607045675
0.5629524955323397
0.5618123154123903
0.561029828997097
0.5609838942082421
0.5609438249552453
0.5609298156422059
0.5609237504243614
0.5609215824426234
0.5609215824426234
0.560921514930633
0.5609208576037461
0.5609106699509533
0.5609106674440795
0.5609102726263865
0.5609102726263865
0.5609102724837091
0.5653879169056463
0.5653871866341807
0.5653871866341807
0.5653856804529649
0.5653856804529649
0.5653856804529649
0.5649821899823328
0.564982166774197
0.5643143161346207
0.5643143161346207
0.564063714447635
0.5632885351475485
0.5632885351475485
0.5632884049955543
0.5632884021716619
0.5632628518318802
0.5632628518318802
0.5632628400620454
0.5595410035336555
0.5595409338840035
0.5469796389987853
0.5469684582139089
0.5469684582139089
0.4836067881745031
0.4780573380413001
0.4647327686046429
0.46106730465756407
0.46106730465756407
0.46106730465756407
0.4610551310278094
0.45977302900984185
0.45807653313800045
0.45807653218948846
0.45805781552772
0.45805618854840124
0.4580587017227358
0.458058389355779
0.441795887705836
0.44179588744519815
0.44179673174473283
0.44179673174473283
0.4413968827946408
0.44139688346762634
0.44139688346762634
0.4413965134568362
0.4384967909308329
0.4384967909308329
0.4384967908848787
0.43849679082764503
0.4384967911004009
0.43848476881103526
0.438484768803235
0.4384845726163615
0.4384845726016291
0.4384826905549885
0.43848269134501827
0.4384821794009086
0.4384821793962615
0.43846295830238774
0.43846295830238774
0.4384629583020057
0.4384629583020057
0.4384385467554056
0.4384385490253065
0.4384074791870348
0.4384074791870348
0.4384074791870348
0.4384074791870348
0.43840735219173343
0.43840642365769694
0.4383779197524264
0.43836886533730746
0.43836687069267544
0.438366870708726
0.4383645423054658
0.43836447412578405
0.43836444308776074
0.438364443088211
0.43623389622567105
0.43623325240645333
0.43623325240645333
0.43623325240645333
0.43623325240645333
0.43623325240645333
0.43623325240645333
0.4362323574161877
0.436230528389888
0.43623043446194987
0.43623043150065466
0.43623043154798136
0.43623043154798136
0.43623043154798136
0.4362304315719653
0.436230431492139
0.436230431492139
0.4361332900765156
0.4361190339742036
0.4361190339742036
0.4361190339742036
0.4361190339742036
0.4361190339742036
0.4361184265810288
0.4361184265810288
0.43611842658102346
0.43611842658102346
0.43611842658102346
0.4355034823068528
0.43544215165694095
0.43541850150182243
0.43541850149832084
0.43541850149832084
0.43541850149832084
0.43541850149832084
0.43541850149832084
0.43541850149832084
0.43541850149832084
0.43541850149832084
0.43541850149832084
0.43541850149832084
0.43541850149832084
0.43541850149832084
0.435416163278457
0.435416163278457
0.435416163278457
0.435416163278457
0.435416163278457
0.435416163278457
0.435416163278457
0.435416163278457
0.435416163278457
0.435416163278457
0.4347327457020111
0.434456920528952
0.4343327840279074
0.4343093886057152
0.43430854628940924
0.4343074554957468
0.4342840678240168
0.4342840678236742
0.4342753157735657
0.4342747950897102
0.4342747137309038
0.4342746961968222
0.434274323396196
0.434274323396196
0.434274323396196
0.434274323396196
0.434274323396196
0.4342692945669669
0.4342683837197034
0.43426817577770527
0.4342621038952021
0.43426172438437116
0.4342616320120358
0.4342616320120358
0.43426150893784976
0.43426150893784976
0.43426134153021656
0.43425832905141554
0.43425832905141554
0.43425832905141554
0.43425832905141554
0.4342583186649752
0.4342583186649752
0.4342583186649752
0.4342583004775925
0.4342583004775925
0.4342582733369266
0.4342582733369266
0.43425570077266024
0.43425570077266024
0.4342557007071632
0.4342556546064371
0.43424953132767735
0.43424953132767735
0.43424881961238515
0.4342486099180005
0.4342486099180005
0.4342485744615251
0.4342483245038356
0.4342483245038356
0.4342483245038356
0.43424832398625707
0.43424832398625707
0.43424832398625707
0.43424832398625707
0.43424832398625707
0.43424832398625707
0.43424832398625707
0.43424832398625707
0.43424832398625707
0.43424832398625707
0.43424832398625707
