ID: 20231203194817_22961

Problem: dtlz7
Number of objects: 3
Number of variables: 5

Algorithm choice: 2
Algorithm phase strategy: global + local
First phase rate: 0.75
Population size: 15
Maximum number of function evaluations: 300

IGD: 0.43424832398625707
GD: 0.005858508993976781
HV: 0.5197364032850698
Time cost: 2162.729735136032

non_dom_solutions:
[0.7180829187661728, 0.0050248253784411084, 0.014092547308124453, 0.00811320979265487, 0.013282663975503439]
[0.7987206856158529, 5.101955423691962e-06, 0.0003355125457495667, 0.001277738904384429, 0.0018001670680966248]
[0.8185121065027012, 5.101955423691962e-06, 0.0003355125457495667, 0.001277738904384429, 0.00035741199467589305]
[0.7340720069382489, 4.690779281668611e-06, 0.00013327139950577993, 0.001355806437846727, 0.0016670774263947254]
[0.7515289870563114, 5.191271294485412e-06, 0.0003355125457495667, 0.001277738904384429, 0.00033359525212871657]
[0.761211644406726, 5.101955423691962e-06, 0.0003355125457495667, 0.00010233405381498972, 0.00019952695550314557]
[0.7567860155204048, 5.101955423691962e-06, 0.00011466338223328765, 0.00010233405381498972, 0.00019952695550314557]
[0.7548735000988567, 5.101955423691962e-06, 8.876280340716289e-05, 0.00010233405381498972, 6.947596925278941e-06]
[0.753347308980078, 5.101955423691962e-06, 0.0003355125457495667, 9.717940915710654e-05, 0.00019952695550314557]
[0.7618944935168519, 9.568867645153306e-06, 0.00015284740078211345, 0.00010233405381498972, 0.00017919603986746042]
[0.7568185977070776, 1.5862255531451425e-06, 0.00033004318849708564, 0.00010233405381498972, 0.00017919603986746042]
[0.7586872132536175, 9.879672740073725e-05, 0.0003355125457495667, 9.731337749357006e-05, 0.00019952695550314557]
[0.7577354488682004, 9.879672740073725e-05, 6.429682478123477e-05, 9.731337749357006e-05, 0.00013083723868198994]
[0.762359719639003, 9.614267597193587e-06, 0.00015284740078211345, 0.00010233405381498972, 0.00035703635837283296]
[0.8184969189736838, 9.593602394596029e-06, 0.00015284740078211345, 0.00010233405381498972, 3.038544447874717e-05]
[0.7555617698134908, 9.593602394596029e-06, 0.00034657501037888526, 0.00010233405381498972, 2.0015968248293138e-05]
[0.8693150212305519, 4.967323894285392e-06, 2.6683175496145775e-05, 4.092553758535487e-06, 5.412247059279461e-05]
[0.7613392808158497, 1.880931353435894e-06, 0.00015284740078211345, 0.00010233405381498972, 2.950875399429845e-05]
[0.7567887372239821, 9.593602394596029e-06, 0.00015284740078211345, 0.00010233405381498972, 3.038544447874717e-05]
[0.7572070504260227, 4.941784724812803e-06, 2.7986398914409127e-05, 0.00015061345363204075, 5.2392280099482734e-05]
[0.7596280326987878, 5.0480334563234565e-06, 0.00014865878318297228, 0.00010180993991198985, 5.412247059279461e-05]
[0.7627330133350204, 0.021921312612085273, 0.00015284740078211345, 0.00010233405381498972, 0.0003750046899693453]
[0.8697460038284426, 4.941784724812803e-06, 3.4047950258806966e-06, 4.030052617188453e-06, 2.598966480284244e-05]
[0.7627330133350204, 0.05879070370857939, 0.00015980887605995364, 0.00010233405381498972, 0.006089129375204146]
[0.7984834057134682, 0.182716660076141, 0.0005379821299328681, 2.6991594798831038e-05, 4.16440782311405e-05]
[0.7984834057134682, 0.26180694850823333, 0.0005379821299328681, 2.7138789928756402e-05, 2.604438266469226e-05]
[0.7781836842648737, 0.26180694850823333, 0.00046764885417885935, 6.984456099289983e-06, 2.6044015424048384e-05]
[0.7651198958963339, 0.2515070663957024, 0.004735870477003596, 2.5714929690445405e-06, 5.2213451686490697e-05]
[0.7410585307884866, 0.3062173679282602, 0.0003384525962138752, 2.5268411163533907e-05, 2.7629230117781786e-05]
[0.8541491793235096, 0.26571908897176905, 3.371607152614811e-06, 8.429724674146149e-07, 1.0598496257857665e-07]
[8.28366498860502e-07, 7.397114210887073e-07, 4.353191808297756e-08, 6.563277279395578e-08, 2.0002558202053233e-08]
[0.8420336769788532, 0.2903792842880788, 9.918119644746129e-06, 8.293102385179691e-07, 2.7705263892051453e-07]
[7.085327187594412e-08, 7.397114210887073e-07, 4.842073018900678e-09, 5.4671921587884997e-08, 2.0002558202053233e-08]
[0.8573995962107946, 0.26180694850823333, 2.5788960526391597e-09, 6.286485298792456e-08, 1.9659219115928934e-08]
[0.8587014204043931, 0.2551874891070821, 1.2026321807010815e-06, 4.4413756203287483e-07, 1.1485841325225926e-06]
[0.7574702182780716, 0.005188583358280541, 4.361360084484493e-08, 6.538610822516768e-08, 5.6425657495044977e-08]
[0.8587411913017206, 0.25507631177411155, 7.434738030174916e-09, 5.557664934637641e-08, 1.331865237993589e-07]
[0.8587847554916285, 0.2548474198453861, 4.4955206165348206e-07, 5.514231920808666e-08, 1.3327590517449647e-07]
[0.8654802165705153, 0.24242709712386934, 2.0001961861674418e-07, 4.4413756203287483e-07, 1.280723245829506e-07]
[0.8696171749746575, 0.23570046928344218, 2.833653108909216e-09, 1.4545603579892327e-08, 2.7520134675162902e-08]
[0.8705269342300006, 0.2006426531967601, 1.0500483488720473e-08, 1.269857673786385e-09, 1.5530360265230397e-08]
[1.144109147832193e-08, 4.869999685302871e-10, 1.0500483488720473e-08, 1.3020672817041791e-09, 1.4758794334484815e-08]
[0.8730295044907714, 0.21556904968448268, 9.766237963018858e-10, 8.791698462794959e-10, 4.4340095931520306e-09]
[0.8730295044907714, 0.21355030622679055, 9.198865475580739e-10, 6.494958498438074e-08, 2.0074793075575022e-08]
[7.956912532965354e-09, 8.837224591396452e-09, 1.0500483488720473e-08, 2.234783067354568e-09, 1.3652382150391684e-08]
[0.724125442957898, 0.21557090996133188, 4.601334841984634e-09, 1.269857673786385e-09, 1.2064598270090348e-07]
[0.7297998934115508, 0.21557090996133188, 4.601334841984634e-09, 7.052485500763641e-08, 1.6554030386642132e-08]
[0.736383664635442, 0.003407064824420991, 4.583869805183959e-09, 7.052485500763641e-08, 1.6554030386642132e-08]
[1.144109147832193e-08, 8.837224591396452e-09, 1.0500483488720473e-08, 2.6649175509412095e-09, 6.932502687986252e-11]
[0.7447974400832904, 8.837224591396452e-09, 1.0500483488720473e-08, 2.6649175509412095e-09, 1.4758794334484815e-08]
[0.8735655103594836, 0.2127884911727159, 4.790522171815176e-09, 1.2520429454321853e-09, 1.5530360265230397e-08]
[0.7410968195816248, 0.07757477402828994, 1.0500483488720473e-08, 1.2921055517235853e-09, 1.552531403839887e-08]
[0.8176734587876081, 0.17990268898579892, 1.0500483488720473e-08, 1.2921055517235853e-09, 1.4990108960701346e-08]
[0.8306393891669491, 0.20423401913892789, 1.0501180254271812e-08, 2.308556535562317e-09, 6.7771439478540524e-09]
[0.841629544161135, 0.20391496482405666, 5.912678932090273e-09, 2.284784462124571e-09, 7.039388054360526e-09]
[0.8379965868359261, 0.20423401913892789, 1.0501179351138948e-08, 2.2896268581002703e-09, 7.039388054360526e-09]
[0.8308572048767972, 0.21111823524425208, 1.0423161243068833e-08, 1.0230365546877016e-09, 1.509547208526734e-08]
[0.8432532657727483, 0.20423401913892789, 1.0501179351138948e-08, 1.8355416451983718e-09, 7.039388054360526e-09]
[0.8432532657727483, 0.21011298109805376, 1.050047825803121e-08, 1.8411511338519897e-09, 7.039388054360526e-09]
[0.8406348287366517, 0.21011298109805376, 1.0484558741538637e-08, 1.836641839628525e-09, 7.039388054360526e-09]
[0.8420414050069881, 0.2102947362456769, 1.050047825803121e-08, 4.695197286666314e-10, 7.039388054360526e-09]
[0.8405032776782537, 0.21011298109805376, 1.050047825803121e-08, 1.8446749415198824e-09, 7.085614275174416e-09]
[0.8377740274906789, 0.21011298109805376, 1.0514997366071956e-08, 1.126691309216407e-09, 7.039388054360526e-09]
[0.8421626958127485, 0.20820155411541091, 1.050047825803121e-08, 1.823038156228431e-09, 7.039388054360526e-09]
[0.8420944552570171, 0.20927030894826015, 1.0500483488720473e-08, 1.883608304962864e-09, 1.5530360265230397e-08]
[0.8428979519932106, 0.21011298109805376, 1.0407786631667752e-08, 1.8411511338519897e-09, 7.039388054360526e-09]
[0.8521792874825935, 0.2064534569103106, 1.0500483488720473e-08, 2.6649175509412095e-09, 1.4758794334484815e-08]
[0.8471548308042417, 0.2096887322067562, 1.0500483488720473e-08, 1.269857673786385e-09, 1.557909881174498e-08]
[0.8499251640944488, 0.2064534569103106, 1.0420365905204332e-08, 2.6649175509412095e-09, 1.4758794334484815e-08]
[0.8295750101796151, 0.21206238845249278, 1.0422979491510578e-08, 1.0230365546877016e-09, 8.694631665890959e-09]
[0.8463248443788376, 0.2046942596314938, 1.0500483488720473e-08, 1.309586858480987e-09, 1.4758794334484815e-08]
[0.8480899997740976, 0.209063485589865, 4.7145171925355274e-09, 4.954271652252692e-10, 2.1913491334527308e-10]
[0.8501074090965048, 0.2064534569103106, 1.0500483488720473e-08, 1.3020725452137884e-09, 1.5502627641132473e-08]
[0.8493676247547501, 0.20559399059121414, 1.0500483488720473e-08, 2.6649175509412095e-09, 6.7751122856892995e-09]
[0.8456911352502332, 0.20664370813054805, 2.7247857290379925e-10, 1.3033276144797912e-09, 1.4955951891568893e-08]
[0.8400156025536079, 0.20436238406139867, 1.0500959272744787e-08, 5.349606734021797e-10, 1.9978401993393525e-08]
[0.8521792874825935, 0.20325539231954187, 1.0422801791866136e-08, 2.6649175509412095e-09, 1.509319074815197e-08]
[0.8457580502243061, 0.20655873311072231, 1.049722565166856e-08, 2.6237352824466583e-09, 4.079793539718235e-09]
[0.8506370049449936, 0.2064534569103106, 1.0500483488720473e-08, 2.6649175509412095e-09, 1.4758794334484815e-08]
[0.847569038785136, 0.2064534569103106, 1.0500483488720473e-08, 2.6819642958997975e-09, 1.4749874780368252e-08]
[0.8521792874825935, 0.2039029944145931, 1.0500483488720473e-08, 2.6649175509412095e-09, 1.4758794334484815e-08]
[0.8450644480539578, 0.2064534569103106, 1.0500483488720473e-08, 2.6649175509412095e-09, 1.4758794334484815e-08]
[0.8521792874825935, 0.20604279163146433, 1.0500483488720473e-08, 1.3200977172917451e-09, 1.4758794334484815e-08]
[0.8521792874825935, 0.2049615294246157, 1.0494473787071265e-08, 2.742382959296761e-09, 1.4758794334484815e-08]
[0.8518983336445172, 0.20456060393627806, 1.0500483488720473e-08, 2.6649175509412095e-09, 1.4782184585445243e-08]
[0.8437663837349595, 0.2021101287951052, 1.0500999480204422e-08, 2.681501979164167e-09, 1.4758794334484815e-08]
[0.8489911431520187, 0.20506479100895497, 1.1591638456645678e-08, 2.74279872366802e-09, 7.875860111910793e-09]
[0.8521792874825935, 0.20531449822260772, 9.143185103923993e-09, 2.6649175509412095e-09, 1.4758794334484815e-08]
[0.8495654021831386, 0.20524116014310387, 1.157522013222703e-08, 2.7406737612167715e-09, 1.4758794334484815e-08]
[0.8469914107452081, 0.19970561527323538, 7.141604185236507e-09, 1.0230365546877016e-09, 1.509547208526734e-08]
[0.8521792874825935, 0.20359803824526204, 1.0500483488720473e-08, 2.6649175509412095e-09, 1.4758794334484815e-08]
[0.8541999150854706, 0.20376522861747465, 1.0180498802127276e-08, 1.8936915398592227e-11, 2.1913491334527308e-10]
[0.8541999150854706, 0.20490981645383693, 1.0180498802127276e-08, 1.8936915398592227e-11, 3.2307142016166244e-11]
[0.853785923403016, 0.20490981645383693, 7.962353571784048e-10, 1.8936915398592227e-11, 6.375502838846669e-09]
[0.8541999150854706, 0.20515408935288387, 1.1585427005738401e-08, 1.8936915398592227e-11, 1.432737313188587e-08]
[0.8541999150854706, 0.2060668727194472, 1.1612592283559903e-08, 1.8936915398592227e-11, 1.432737313188587e-08]
[0.8516711513409571, 0.2060668727194472, 1.0522724701263715e-08, 1.8936915398592227e-11, 1.552974303262877e-08]
[0.8503882047698414, 0.2060668727194472, 1.1580293879387421e-08, 1.2799774041362142e-09, 1.432737313188587e-08]
[0.8541999150854706, 0.20510676646252451, 1.1612592283559903e-08, 1.8936915398592227e-11, 1.3874992207485309e-08]
[0.8541999150854706, 0.20406126032081462, 1.1632667747824516e-08, 1.8936915398592227e-11, 1.432737313188587e-08]
[0.8529740987367411, 0.20589947203234166, 1.1612592283559903e-08, 1.009036434799283e-09, 1.432737313188587e-08]
[0.8541999150854706, 0.20586333007033003, 1.1683448081863987e-08, 4.879723470061764e-10, 1.432737313188587e-08]
[0.8541999150854706, 0.203813254994323, 1.1612592283559903e-08, 1.8936915398592227e-11, 1.4340427482132264e-08]
[0.8541999150854706, 0.20474507667360903, 1.1612592283559903e-08, 1.8936915398592227e-11, 1.3407001228162918e-08]
[0.8541999150854706, 0.2051900006911922, 6.89147911648777e-09, 2.630389388527911e-09, 1.432737313188587e-08]
[0.8541999150854706, 0.20455625288587656, 1.1591728561154553e-08, 2.7521348986832935e-09, 1.4326855984758877e-08]
[0.8522203200637294, 0.20567293053607372, 1.0429559021649464e-08, 4.912632900805916e-10, 2.1913491334527308e-10]
[0.8541999150854706, 0.20467552195193026, 1.0531921362554943e-08, 5.648433972248803e-12, 2.005552755000474e-08]
[0.8525065363401437, 0.2060668727194472, 1.0512841387418548e-08, 9.76042585089149e-10, 1.432737313188587e-08]

non_dom_solutions_y:
[7.18082919e-01 5.02482538e-03 5.26153646e+00]
[7.98720686e-01 5.10195542e-06 4.47539756e+00]
[8.18512107e-01 5.10195542e-06 4.38867924e+00]
[7.34072007e-01 4.69077928e-06 4.85872802e+00]
[7.51528987e-01 5.19127129e-06 4.72697381e+00]
[7.61211644e-01 5.10195542e-06 4.65249343e+00]
[7.56786016e-01 5.10195542e-06 4.67872144e+00]
[7.54873500e-01 5.10195542e-06 4.68918198e+00]
[7.53347309e-01 5.10195542e-06 4.70310308e+00]
[7.61894494e-01 9.56886765e-06 4.64637821e+00]
[7.56818598e-01 1.58622555e-06 4.68026989e+00]
[7.58687213e-01 9.87967274e-05 4.66835464e+00]
[7.57735449e-01 9.87967274e-05 4.67139327e+00]
[7.62359720e-01 9.61426760e-06 4.64507115e+00]
[8.18496919e-01 9.59360239e-06 4.37355543e+00]
[7.55561770e-01 9.59360239e-06 4.68712753e+00]
[8.69315021e-01 4.96732389e-06 4.31163834e+00]
[7.61339281e-01 1.88093135e-06 4.64852033e+00]
[7.56788737e-01 9.59360239e-06 4.67752075e+00]
[7.57207050e-01 4.94178472e-06 4.67433461e+00]
[7.59628033e-01 5.04803346e-06 4.65950586e+00]
[0.76273301 0.02192131 4.61649777]
[8.69746004e-01 4.94178472e-06 4.31151966e+00]
[0.76273301 0.0587907  4.60468117]
[0.79848341 0.18271666 4.08783078]
[0.79848341 0.26180695 4.02580902]
[0.77818368 0.26180695 4.12568247]
[0.7651199  0.25150707 4.23881711]
[0.74105853 0.30621737 4.40079645]
[0.85414918 0.26571909 3.88430687]
[8.28366499e-07 7.39711421e-07 5.99999959e+00]
[0.84203368 0.29037928 3.91411168]
[7.08532719e-08 7.39711421e-07 5.99999991e+00]
[0.8573996  0.26180695 3.88193293]
[0.85870142 0.25518749 3.88045068]
[0.75747022 0.00518858 4.66512495]
[0.85874119 0.25507631 3.88041311]
[0.85878476 0.25484742 3.88039122]
[0.86548022 0.2424271  3.88283004]
[0.86961717 0.23570047 3.88787151]
[0.87052693 0.20064265 3.92079968]
[1.14410915e-08 4.86999969e-10 6.00000023e+00]
[0.8730295  0.21556905 3.9056867 ]
[0.8730295  0.21355031 3.90774194]
[7.95691253e-09 8.83722459e-09 6.00000022e+00]
[0.72412544 0.21557091 4.49397662]
[0.72979989 0.21557091 4.45248521]
[7.36383665e-01 3.40706482e-03 4.81031952e+00]
[1.14410915e-08 8.83722459e-09 6.00000010e+00]
[7.44797440e-01 8.83722459e-09 4.75499738e+00]
[0.87356551 0.21278849 3.90913167]
[0.74109682 0.07757477 4.651261  ]
[0.81767346 0.17990269 4.01513549]
[0.83063939 0.20423402 3.94318942]
[0.84162954 0.20391496 3.92391935]
[0.83799659 0.20423402 3.92901652]
[0.8308572  0.21111824 3.93453349]
[0.84325327 0.20423402 3.92137669]
[0.84325327 0.21011298 3.91432021]
[0.84063483 0.21011298 3.91786397]
[0.84204141 0.21029474 3.91569069]
[0.84050328 0.21011298 3.91805575]
[0.83777403 0.21011298 3.92232957]
[0.8421627  0.20820155 3.91793545]
[0.84209446 0.20927031 3.91678431]
[0.84289795 0.21011298 3.91477047]
[0.85217929 0.20645346 3.9104875 ]
[0.84715483 0.20968873 3.91049304]
[0.84992516 0.20645346 3.91195899]
[0.82957501 0.21206239 3.9363606 ]
[0.84632484 0.20469426 3.91730473]
[0.84809    0.20906349 3.91035121]
[0.85010741 0.20645346 3.91182535]
[0.84936762 0.20559399 3.91343924]
[0.84569114 0.20664371 3.91555474]
[0.8400156  0.20436238 3.92567182]
[0.85217929 0.20325539 3.91450385]
[0.84575805 0.20655873 3.9155867 ]
[0.850637   0.20645346 3.91145167]
[0.84756904 0.20645346 3.91391799]
[0.85217929 0.20390299 3.91367105]
[0.84506445 0.20645346 3.91646986]
[0.85217929 0.20604279 3.91098964]
[0.85217929 0.20496153 3.91233103]
[0.85189833 0.2045606  3.91299732]
[0.84376638 0.20211013 3.92349496]
[0.84899114 0.20506479 3.91439839]
[0.85217929 0.2053145  3.91189008]
[0.8495654  0.20524116 3.9137243 ]
[0.84699141 0.19970562 3.92321758]
[0.85217929 0.20359804 3.91406199]
[0.85419992 0.20376523 3.91286427]
[0.85419992 0.20490982 3.91141276]
[0.85378592 0.20490982 3.91158819]
[0.85419992 0.20515409 3.91110713]
[0.85419992 0.20606687 3.90997711]
[0.85167115 0.20606687 3.91125732]
[0.8503882  0.20606687 3.91209711]
[0.85419992 0.20510677 3.91116626]
[0.85419992 0.20406126 3.91248604]
[0.8529741  0.20589947 3.91074121]
[0.85419992 0.20586333 3.91022738]
[0.85419992 0.20381325 3.91280289]
[0.85419992 0.20474508 3.9116199 ]
[0.85419992 0.20519    3.91106228]
[0.85419992 0.20455625 3.911858  ]
[0.85222032 0.20567293 3.91142208]
[0.85419992 0.20467552 3.91170755]
[0.85250654 0.20606687 3.91077928]
