0.7822286803760727
0.7822286803760727
0.7822286803760727
0.7822286803760727
0.7822286803760727
0.7822286803760727
0.7822286803760727
0.7822286803760727
0.7822286803760727
0.7822286803760727
0.7822286803760727
0.7822286803760727
0.7822286803760727
0.7822286803760727
0.7822286803760727
0.7822286803760727
0.7822286803760727
0.7822286803760727
0.7822286803760727
0.7822286803760727
0.7822286803760727
0.7258288597248318
0.7258288597248318
0.7183155238027437
0.629540275738562
0.5938535607127091
0.5073166807356926
0.5073166807356926
0.4862091137904945
0.4860790394688311
0.4716628436196081
0.4502693520117262
0.38391283458700987
0.38391283458700987
0.3751356667116259
0.36375120071816425
0.3533852153292108
0.3533852153292108
0.3533852153292108
0.3294606365088093
0.3508391565356612
0.3258722194844976
0.32525513075925516
0.32525513075925516
0.32525513075925516
0.32525513075925516
0.32525513075925516
0.32525513075925516
0.32525513075925516
0.32525513075925516
