0.5735830328239261
0.5735830328239261
0.5735830328239261
0.5735830328239261
0.5735830328239261
0.5735830328239261
0.5735830328239261
0.5735830328239261
0.5735830328239261
0.5735830328239261
0.5735830328239261
0.5735830328239261
0.5735830328239261
0.5735830328239261
0.5735830328239261
0.5735830328239261
0.5735830328239261
0.5735830328239261
0.5735830328239261
0.5735830328239261
0.5735830328239261
0.5735830328239261
0.5735830328239261
0.5735830328239261
0.5735830328239261
0.5735830328239261
0.5735830328239261
0.5735830328239261
0.5735830328239261
0.5735830328239261
0.5735830328239261
0.5735830328239261
0.519015815182158
0.5065099931354495
0.4229979800226275
0.4055136305632796
0.4055136305632796
0.3769529223344963
0.2485045541688367
0.2480532389200621
0.24782549622079686
0.24023604426925532
0.23594337464079587
0.23192785919515424
0.23040713088722412
0.21311968421498134
0.21312796417049967
0.20832626168200996
0.2034808831619457
0.20250944914040048
0.20250944914040048
0.2022850048057759
0.19895366975578935
0.1894799206354526
0.18368194277315295
0.16933606749074562
0.1682681208673297
0.16780258415069083
0.16777081306549127
0.16777044178031653
0.16777044178031653
0.16777044178031653
0.16777044178031653
0.16777044178031653
0.16777044178031653
0.16777044178031653
0.1677102893586999
0.1658155417972786
0.16581551565870098
0.16392358127166948
0.16390259831463616
0.16390259831463616
0.16104259620417616
0.1517028456395882
0.15140447967629134
0.1483122419395856
0.1483122419395856
0.1483122419395856
0.1483122419395856
0.1483122419395856
0.1483122419395856
0.1483122419395856
0.14791257684833736
0.14768391434919545
0.14768391074086912
0.14759148390803317
0.13937309748102442
0.13927779328536075
0.13927779328536075
0.13927779328536075
0.13927779328536075
0.13856490835021262
0.13856490835021262
0.1379109291261319
0.13707945695903384
0.1369872578499644
0.1369872578499644
0.1369872537854092
0.1363449070047173
0.1363449070047173
0.13634490593390383
0.13634639317074743
0.13554698144651872
0.13554397165668822
0.13554263146540627
0.13554263146540627
0.13546542262653052
0.13546542262653052
0.13546542262653052
0.13546542245685977
0.13546542245685977
0.13546542245685977
0.13546542245685977
0.13546542245685977
0.1354147991377573
0.1354147991377573
0.1344543357592845
0.13445433569613202
0.13445433569613202
0.13445433569613202
0.13445433569613202
0.13445433569613202
0.13445433569613202
0.13445433569613202
0.13445433569613202
0.13445433569613202
0.13445433569613202
0.13445433569613202
0.13429504600308798
0.13429504600308798
0.13428886185586691
0.13428335796797483
0.13428335796797483
0.13428335796797483
0.1341554374277661
0.1341554374277661
0.1341554374277661
0.1341554374277661
0.1341554374277661
0.1332860151288196
0.1280483440243771
0.1280483440243771
0.1280483440243771
0.1280173699162441
0.1280173699162441
0.1277442437129324
0.1277442437129324
0.1277442437129324
0.1277442437129324
0.1277442437129324
0.12666414444574906
0.12422072152546226
0.1234825522634884
0.12314127610576407
0.12312524566003062
0.12312524566003062
0.12312524566003062
0.12312524566003062
0.12286829382948726
0.12286795010673146
0.12286795010673146
0.12286795010673146
0.12286795010673146
0.12286795010673146
0.12286795010673146
0.12286795010673146
0.12286795010673146
0.12272259346279651
0.12225573945287063
0.12221306325187008
0.12213867056915617
0.12210190078827525
0.1220788254508418
0.12206259393236185
0.12205276671199068
0.12204163997446825
0.12202970623379727
0.12202030294883953
0.12201921267876542
0.12201902756908253
0.121998482160787
0.12199350484500186
0.12199137240736503
0.12174092350940306
0.12173309880747646
0.12173258417612712
0.12172895829839006
0.12170332979632262
0.12170328857346767
0.12170176046279865
0.1215332371471429
0.12149886831943964
0.12149477180503265
0.12149464152397085
0.12148131000493897
0.12148112984402047
0.12147597833801359
0.1214759614778959
0.12147587067588503
0.12147587067588503
0.12147487231668339
0.12147329679677038
0.12147329679677038
0.12147189736413982
0.12147183761580259
0.12147183761580259
0.12147154459443671
0.12142814876020032
0.12142531301488924
0.12142528954551593
0.12142499795733361
0.12142332835113047
0.12142293153123189
0.12142280834235063
0.12142280834235063
0.12142206569632646
0.12142180899317397
0.12142180899317397
0.12142158570955207
0.12142158570955207
0.12142092182204393
0.12142079087202247
0.12142079087202247
0.12142075886788457
0.1214201016426374
0.1214201016426374
0.1214201016426374
0.1214201016426374
0.12141922282379977
0.12141922282379977
0.12141916848161205
0.12141916848161205
0.12141916848161205
0.12141916848161205
0.12141907237258864
0.12141903735638997
0.12141903735638997
0.12108402598903473
0.1201638831869901
0.12000023021655588
0.11998616719515956
0.11995645274747628
0.11979016702935928
0.1197881498066595
0.11978225290107
0.11944085123131812
0.11944081337961007
0.11944081337961007
0.11944081337961007
0.11832332055295168
0.11832332055295168
0.11832332055295168
0.11808708356627244
0.11808164128026627
0.11808164128026627
0.11800955216527978
0.11799274174772666
0.11783277020884791
0.1177971267822171
0.11779502768027493
0.11779502768001984
0.11720165749307393
0.1172007261261961
0.1172007261261961
0.11718310483959074
0.11615007708323957
0.11614664097569022
0.11160654408812092
0.11137030345889119
0.11033332255815494
0.11029704278191861
0.10939474670067476
0.10895844088693149
0.10895788455852737
0.10852718903251551
0.10830111364811636
0.10819768494067317
0.10814644805442589
0.10814517474690284
0.10812948778753022
0.10798829507187356
0.10798750068064535
0.10798167782508282
0.10742904336918095
0.10742773878078442
0.10700699033199791
0.1070063184217957
0.1070063184217957
0.1070034291889707
0.1070032388917695
0.10700186157975586
0.10698383184612165
0.10698300028016546
0.10698256907394138
0.10697949850036094
0.10697949850036094
0.10696666998155288
0.10696643998194195
0.10696643998194195
0.10696643998194195
