ID: 20231201111205_1297

Problem: dtlz7
Number of objects: 3
Number of variables: 3
Algorithm choice: 2
Maximum number of function evaluations: 300

IGD: 0.10696643998194195
GD: 0.007074577591312137
HV: 0.9864297845272663
Time cost: 1345.261943101883

non_dom_solutions:
[0.0013667849550548852, 0.2273584373645593, 0.007618844241507855]
[0.0022341153814449677, 0.05482270580273038, 0.0010169284739525442]
[0.0022341153814449677, 0.6407391810345753, 0.0010169284739525442]
[0.6567548907418879, 0.8932926438506246, 0.0010982719589699283]
[0.6590322012384414, 0.7975495687100174, 0.0010982719589699283]
[0.9176404494579332, 0.07347317423560071, 0.0010169284739525442]
[0.6567548907418879, 0.639781119010445, 3.3645068639861705e-06]
[0.7812488029008526, 0.6407391810345753, 0.008789774263759199]
[0.6678991413321089, 0.7385311344191616, 1.928235601782462e-05]
[0.6647028312864275, 0.0037165776443341403, 2.9300752833235456e-05]
[0.0022341153814449677, 0.0002441551706446783, 6.344149714383073e-05]
[0.8170898689569616, 0.0037165776443341403, 0.00010588136835610901]
[0.6678139072790019, 0.6816723395660929, 1.928235601782462e-05]
[0.6590322012384414, 0.7187797667624565, 0.0006998821169056221]
[0.7471436862788414, 0.001708814133473735, 0.00038759532061426356]
[0.4019758486930457, 0.8184746917179477, 0.0003075955193139067]
[4.582799146526321e-05, 0.00027908066773646434, 8.054773048389856e-06]
[0.8104381753070536, 0.8729914799060531, 1.1726744192534083e-05]
[0.7769997390829837, 0.8450619307317299, 0.00043501677114339207]
[0.0007781828783105516, 0.7751996406526271, 0.0002417174965055859]
[0.7901293642112261, 0.0001581944182036943, 6.909943488238584e-06]
[0.7545719409077959, 0.7571918729492018, 0.0002384313139184605]
[0.7672755703219478, 0.7497810667515639, 0.001586980126081486]
[0.8169811722351956, 0.8611911472695305, 1.0693271362779145e-05]
[0.836264550858101, 0.1138945103807586, 0.00010488879397975204]
[0.8257985190518573, 0.11652060663118935, 1.0693271362779145e-05]
[0.8169561984489667, 0.12408758684669813, 1.0693271362779145e-05]
[0.7621764846150662, 1.8886183544312637e-06, 6.834260887574509e-06]
[0.7492614459298003, 0.0003139701185800592, 6.813334411010269e-06]
[0.7492614459298003, 0.891345547282365, 3.135723929719635e-05]
[0.8353298483906348, 0.25127687566908974, 1.308539083890988e-05]
[0.826887056043516, 0.25127687566908974, 5.4147050096124614e-06]
[3.915696161108475e-10, 1.2088450821942653e-09, 1.206803876877616e-09]
[0.7781034632801954, 0.86608889785481, 3.105133215677977e-07]
[0.7824335897513579, 0.8663456303562199, 3.105133215677977e-07]
[0.8353298483906348, 0.24083402368099427, 1.308539083890988e-05]
[0.8467248519635063, 0.7883577179072393, 5.753617467007135e-07]
[0.7478354285981975, 0.17999556748068046, 5.4147050096124614e-06]
[0.7646117602741613, 0.8656182649762693, 5.203931878512175e-06]
[0.8571830057220364, 0.20632379264406336, 1.3058491390439413e-05]
[2.2170291773996144e-09, 8.210388951653828e-11, 1.206803876877616e-09]
[0.006427883154048353, 0.6484541868647076, 1.3732188606001898e-06]
[0.0018408055650109278, 0.711016102816156, 1.206803876877616e-09]
[0.7322775377129151, 0.25127687566908974, 1.3431547099304805e-05]
[0.7600096407205965, 0.024028717160196, 3.135723929719635e-05]
[0.8580903368061694, 0.8600625417934654, 6.787575118890541e-07]
[3.915696161108475e-10, 0.7594003967368801, 1.206803876877616e-09]
[0.7633037352625553, 0.891345547282365, 1.3382651324659757e-05]
[0.8385901137782644, 0.8210043881007109, 1.306800413562465e-05]
[0.818369229264298, 0.7787585882841317, 3.218401143456085e-05]
[0.8292961663443631, 0.8182719557175704, 1.2395978989978574e-05]
[0.8231926948089766, 0.11153684243621242, 6.8679376758212005e-06]
[0.8277488616022539, 0.797046435530248, 6.72717312801614e-06]
[0.8400526346084473, 0.8297984247939034, 3.136020876641609e-05]
[0.8252358271885647, 0.8544034787184703, 7.057152457890378e-06]
[0.8347059903773905, 0.8538130603419753, 1.3382412149514065e-05]
[0.8541185438168987, 0.8501010692841737, 2.737367276412577e-07]
[0.847347842556025, 0.7942406247220862, 1.3006369065560946e-05]
[0.8603338129996498, 0.8353536370801504, 1.3212039850927469e-05]
[0.8571134632832403, 0.8472982498182865, 1.8654869089613973e-07]
[0.8580386652651396, 0.8484958959234444, 1.3058491390439413e-05]
[0.8209791648591686, 0.12492294389337705, 1.3085327244707033e-05]
[0.83971459712666, 0.8418180938195529, 2.981452996377394e-07]
[0.8318660111574278, 0.1459117156269586, 1.3058440532610095e-05]
[0.8317252993180828, 0.1410261475477294, 1.1364504751825179e-06]
[0.832342622951589, 0.14421824508486042, 3.105133215677977e-07]
[0.8337521264687295, 0.14108324051879823, 1.3058440532610095e-05]
[0.8385860153665481, 0.1459117156269586, 1.3058440532610095e-05]
[0.8379810305974361, 0.14583248411264282, 2.7120097974250177e-08]
[0.8382985123245311, 0.14376657915824914, 1.3057954351697048e-05]
[0.8353298483906348, 0.17513603725677584, 6.953581528431542e-06]
[0.8353298483906348, 0.1829293773371502, 1.308539083890988e-05]
[0.8403313736192537, 0.1459117156269586, 4.248432520785237e-08]
[0.8353298483906348, 0.18253227779200543, 1.1998378130264103e-05]
[0.8353298483906348, 0.1600145806860283, 1.308539083890988e-05]
[0.8353298483906348, 0.17635258111048702, 1.1842414724215747e-05]
[0.8382090240173949, 0.1737945004799082, 1.3058440871258426e-05]
[0.8399885171093682, 0.1459117156269586, 5.756633689336123e-06]
[0.8353298483906348, 0.14275614859504465, 7.56812724233922e-06]
[0.8385462614540914, 0.1459117156269586, 1.3058440532610095e-05]
[0.8353298483906348, 0.17306683425690816, 1.308539083890988e-05]
[0.8353298483906348, 0.16865340907253934, 5.6689678659375885e-06]
[0.8353298483906348, 0.14217389318235318, 1.3085514785507063e-05]
[0.8356427505876156, 0.1551230636556551, 1.308539083890988e-05]
[0.8353298483906348, 0.15822809241216462, 2.7193687772461523e-07]
[0.8395916591850786, 0.1459117156269586, 1.2980252305515655e-05]
[0.8362132070814962, 0.15628280134172012, 1.980500092858019e-06]
[0.8353298483906348, 0.1975190912835921, 1.308539083890988e-05]
[0.8353298483906348, 0.1892342757060872, 1.308539083890988e-05]
[0.8353298483906348, 0.1890462607673411, 1.308539083890988e-05]
[0.8353298483906348, 0.18650120578091753, 1.126326048786339e-06]
[0.8519325000122281, 0.8405321627340614, 1.206803876877616e-09]
[0.8571830057220364, 0.83994258951857, 1.7213651745407893e-07]
[0.8526503067994762, 0.8391862316376474, 2.807814530450667e-07]
[0.8520721484958138, 0.8396704042578189, 1.3067595728073061e-05]
[0.8488383711907729, 0.8426061238256556, 2.8057823538014864e-07]
[0.8550680615385888, 0.8357460640314913, 3.105133215677977e-07]
[0.8571830057220364, 0.836134200586242, 1.3058491390439413e-05]
[0.8502344361671832, 0.8437838347458592, 3.105133215677977e-07]
[0.8571830057220364, 0.8358865801260835, 1.3058491390439413e-05]
[0.8517271166272106, 0.8363874928431925, 3.135723929719635e-05]
[0.850898035301886, 0.8395405645747899, 9.45936837757884e-06]
[0.8517779563122433, 0.8403719980241552, 3.105133215677977e-07]
[0.850654242427991, 0.8403191818942254, 6.5993206141535985e-06]
[0.8519745171050594, 0.8335753431358971, 1.3310800356915152e-05]
[0.850546871931811, 0.8422418409378354, 3.105133215677977e-07]
[0.8528467114898342, 0.841143991249014, 2.94765786122339e-07]
[0.8502292854511367, 0.8392477180205117, 3.1179108102236704e-07]
[0.8442935892904346, 0.8371479470221677, 1.3228705482434201e-05]
[0.848420005048911, 0.8379655339692789, 3.105133215677977e-07]
[0.8561276951904093, 0.8412217770557058, 1.6903716889684503e-08]
[0.8519181321792815, 0.8397681811844617, 6.72717312801614e-06]
[0.8530926310850012, 0.836368076264557, 6.719304482217246e-06]
[0.849702243116814, 0.8423696242151784, 3.105133215677977e-07]
[0.8474215520479947, 0.8400192110982072, 3.105133215677977e-07]
[0.8571677577040342, 0.8340522983004995, 3.105133215677977e-07]
[1.0649524100806264e-09, 0.6846076579772875, 3.134798974648899e-05]
[0.7718473094581182, 0.7075047562547934, 9.054420485147698e-06]
[0.7452569221960719, 0.7590732193381113, 7.0510580498046e-06]
[0.771961504852983, 0.7085625832654203, 3.105133215677977e-07]
[0.771961504852983, 0.711480761713783, 4.348435222767559e-07]
[0.763776227042638, 0.7590732193381113, 3.137465189882804e-08]
[0.7539572432811601, 0.7590732193381113, 7.0510580498046e-06]
[0.7616189545911652, 0.7991451965640999, 1.2974673404729766e-05]
[0.763776227042638, 0.759205566897546, 5.297311310336259e-06]
[0.0006450423057735577, 1.2088450821942653e-09, 1.3090948814174979e-05]
[2.2170291773996144e-09, 0.8238441399933012, 6.6935941971647375e-06]
[0.0006450423057735577, 0.8424369863773932, 1.3099186075244124e-05]
[0.00022588838355697138, 0.8446948953403134, 1.3090948814174979e-05]
[0.7633037352625553, 0.8202425887746773, 1.3382651324659757e-05]
[0.7597516650949477, 0.8202425887746773, 3.610436228445618e-07]
[0.7473805151353596, 0.8144809391069625, 3.135723929719635e-05]
[0.7450658260173055, 0.8173310996019317, 3.0538064836262496e-05]
[0.7515018310914073, 0.8112410065591817, 1.3058491390439413e-05]
[2.2170291773996144e-09, 2.1408452259216726e-09, 8.674149154986436e-10]
[0.6766224763659814, 0.8202425887746773, 1.3382651324659757e-05]
[0.7532585224208864, 0.8086445296432592, 3.08547748198644e-05]
[2.2170291773996144e-09, 0.8638002150690454, 7.493684540039295e-10]
[0.016244968242499103, 0.8415000085589962, 3.158726543241909e-07]
[0.0027381041971984432, 0.8589328421009323, 1.3019903007917466e-05]
[0.07524488158873016, 0.845490160044756, 2.9402768751291563e-09]
[0.7993299607099397, 0.15529845394646213, 1.2991028796198354e-05]
[0.7499823913413729, 0.12412801069798574, 2.2253252579367488e-05]
[0.7492614459298003, 0.13025625060854323, 3.139524199575791e-05]
[0.7343603769313428, 0.1425988242223859, 1.3058440532610095e-05]
[0.728589018699304, 0.15013646363121574, 1.3537708358516808e-05]
[0.732114136345453, 0.1459117156269586, 1.3058440532610095e-05]
[0.7291906649020858, 0.12493962193350017, 4.247100718328002e-06]
[0.7242918676389485, 0.14634728965025506, 1.3066485540242645e-05]
[0.7228413498198513, 0.1460537965427657, 1.3058491390439413e-05]
[0.7275905441430041, 0.12474320471015612, 1.2991028796198354e-05]
[0.7311843261344181, 0.14266648814195726, 1.3152369379903203e-05]
[0.7333532975641682, 0.12201693395298391, 1.298210918034106e-05]
[0.7493831520817769, 0.09587178840283828, 1.2991028796198354e-05]
[0.7249100098674358, 0.14761693434611073, 1.2950407647331113e-05]
[0.7336401001360341, 0.1177346016813009, 3.135723929719635e-05]
[0.7156532300004106, 0.14931224923819414, 1.3052129338992548e-05]
[0.723600596043198, 0.1419572231278855, 1.2991028796198354e-05]
[0.7103401402967299, 0.1550796194052276, 1.2991028796198354e-05]
[0.7187863019041579, 0.14800800909400313, 2.4344990659020795e-07]
[0.7266572688890369, 0.1459117156269586, 9.566992932043623e-08]
[0.7201950524879142, 0.14078042944185765, 1.3070587170473528e-05]
[0.7191818573869012, 0.14515550076411837, 1.3058440532610095e-05]
[0.7294679793432066, 0.1315740546839363, 1.2956575095103635e-05]
[0.7512751304238338, 0.11409933799950961, 8.674149154986436e-10]
[0.7258814060524623, 0.12949097947588778, 1.3377129774914469e-05]
[0.7336447829251256, 0.1403602897477781, 1.3058440532610095e-05]
[0.7345370783528553, 0.11598080068477779, 3.15616007224969e-05]
[0.7220639098061509, 0.14050372471047679, 1.3057208921585595e-05]
[0.7243441620535792, 0.12865807034925442, 7.546881789164404e-07]
[0.7270047089663879, 0.1345000537197678, 5.073338389978936e-06]
[0.7233267065820532, 0.13919653952884153, 1.341099738647157e-05]
[0.7196169719897466, 0.14375483251273552, 1.3058440532610095e-05]

non_dom_solutions_y:
[1.36678496e-03 2.27358437e-01 5.78579923e+00]
[2.23411538e-03 5.48227058e-02 5.94327043e+00]
[2.23411538e-03 6.40739181e-01 5.53945471e+00]
[0.65675489 0.89329264 3.78645279]
[0.6590322  0.79754957 3.86782901]
[0.91764045 0.07347317 4.34654789]
[0.65675489 0.63978112 4.92520234]
[0.7812488  0.64073918 4.28135812]
[0.66789914 0.73853113 4.12349748]
[6.64702831e-01 3.71657764e-03 5.34454365e+00]
[2.23411538e-03 2.44155171e-04 5.99918705e+00]
[8.17089869e-01 3.71657764e-03 4.37438865e+00]
[0.66781391 0.68167234 4.54772923]
[0.6590322  0.71877977 4.34945512]
[7.47143686e-01 1.70881413e-03 4.74768657e+00]
[0.40197585 0.81847469 4.21968242]
[4.58279915e-05 2.79080668e-04 5.99989182e+00]
[0.81043818 0.87299148 2.71252526]
[0.77699974 0.84506193 2.87974485]
[7.78182878e-04 7.75199641e-01 4.56881555e+00]
[7.90129364e-01 1.58194418e-04 4.48437184e+00]
[0.75457194 0.75719187 3.36817262]
[0.76727557 0.74978107 3.37339475]
[0.81698117 0.86119115 2.68313994]
[0.83626455 0.11389451 4.11663216]
[0.82579852 0.11652061 4.13050474]
[0.8169562  0.12408759 4.13777169]
[7.62176485e-01 1.88861835e-06 4.64089756e+00]
[7.49261446e-01 3.13970119e-04 4.72450041e+00]
[0.74926145 0.89134555 3.0727294 ]
[0.83532985 0.25127688 3.90303609]
[0.82688706 0.25127688 3.92109229]
[3.91569616e-10 1.20884508e-09 6.00000003e+00]
[0.77810346 0.8660889  2.85562299]
[0.78243359 0.86634563 2.83236305]
[0.83532985 0.24083402 3.90465407]
[0.84672485 0.78835772 2.80635677]
[0.74783543 0.17999557 4.37583562]
[0.76461176 0.86561826 2.93429139]
[0.85718301 0.20632379 3.90914693]
[2.21702918e-09 8.21038895e-11 6.00000003e+00]
[0.00642788 0.64845419 5.45552631]
[1.84080557e-03 7.11016103e-01 4.99849663e+00]
[0.73227754 0.25127688 4.416774  ]
[0.76000964 0.02402872 4.6257715 ]
[0.85809034 0.86006254 2.61411176]
[3.91569616e-10 7.59400397e-01 4.65821639e+00]
[0.76330374 0.89134555 2.98131126]
[0.83859011 0.82100439 2.68772914]
[0.81836923 0.77875859 2.91550204]
[0.82929617 0.81827196 2.71402888]
[0.82319269 0.11153684 4.14920324]
[0.82774886 0.79704644 2.7978965 ]
[0.84005263 0.82979842 2.663289  ]
[0.82523583 0.85440348 2.66010522]
[0.83470599 0.85381306 2.63924838]
[0.85411854 0.85010107 2.61849754]
[0.84734784 0.79424062 2.7778562 ]
[0.86033381 0.83535364 2.63683947]
[0.85711346 0.84729825 2.61994665]
[0.85803867 0.8484959  2.61908711]
[0.82097916 0.12492294 4.12365182]
[0.8397146  0.84181809 2.64115102]
[0.83186601 0.14591172 4.04765933]
[0.8317253  0.14102615 4.05872111]
[0.83234262 0.14421825 4.05013869]
[0.83375213 0.14108324 4.05476965]
[0.83858602 0.14591172 4.03516716]
[0.83798103 0.14583248 4.03597987]
[0.83829851 0.14376658 4.04047556]
[0.83532985 0.17513604 3.9799615 ]
[0.83532985 0.18292938 3.96612726]
[0.84033137 0.14591172 4.03212471]
[0.83532985 0.18253228 3.96678442]
[0.83532985 0.16001458 4.0101267 ]
[0.83532985 0.17635258 3.97783706]
[0.83820902 0.1737945  3.97762237]
[0.83998852 0.14591172 4.03278945]
[0.83532985 0.14275615 4.04778972]
[0.83854626 0.14591172 4.03523113]
[0.83532985 0.17306683 3.98402258]
[0.83532985 0.16865341 3.99236399]
[0.83532985 0.14217389 4.0492649 ]
[0.83564275 0.15512306 4.01993677]
[0.83532985 0.15822809 4.01353949]
[0.83959166 0.14591172 4.03358644]
[0.83621321 0.1562828  4.01611727]
[0.83532985 0.19751909 3.94309489]
[0.83532985 0.18923428 3.95563721]
[0.83532985 0.18904626 3.95593858]
[0.83532985 0.18650121 3.95976535]
[0.8519325  0.84053216 2.63006002]
[0.85718301 0.83994259 2.62894608]
[0.85265031 0.83918623 2.63170259]
[0.85207215 0.8396704  2.63161878]
[0.84883837 0.84260612 2.62938144]
[0.85506806 0.83574606 2.63647351]
[0.85718301 0.8361342  2.63557307]
[0.85023444 0.84378383 2.62682503]
[0.85718301 0.83588658 2.63601901]
[0.85172712 0.83638749 2.63773026]
[0.85089804 0.83954056 2.63244711]
[0.85177796 0.840372   2.63039453]
[0.85065424 0.84031918 2.6313615 ]
[0.85197452 0.83357534 2.64237684]
[0.85054687 0.84224184 2.62856645]
[0.85284671 0.84114399 2.62868674]
[0.85022929 0.83924772 2.63311502]
[0.84429359 0.83714795 2.64251557]
[0.84842001 0.83796553 2.63659781]
[0.8561277  0.84122178 2.62730578]
[0.85191813 0.83976818 2.63138802]
[0.85309263 0.83636808 2.63635222]
[0.84970224 0.84236962 2.62900922]
[0.84742155 0.84001921 2.6342531 ]
[0.85716776 0.8340523  2.63912319]
[1.06495241e-09 6.84607658e-01 5.20102936e+00]
[0.77184731 0.70750476 3.60941852]
[0.74525692 0.75907322 3.41233233]
[0.7719615  0.70856258 3.60052903]
[0.7719615  0.71148076 3.57853519]
[0.76377623 0.75907322 3.29107361]
[0.75395724 0.75907322 3.35389596]
[0.76161895 0.7991452  3.08739167]
[0.76377623 0.75920557 3.29037267]
[6.45042306e-04 1.20884508e-09 5.99970449e+00]
[2.21702918e-09 8.23844140e-01 4.35578495e+00]
[6.45042306e-04 8.42436986e-01 4.31792969e+00]
[2.25888384e-04 8.44694895e-01 4.31557538e+00]
[0.76330374 0.82024259 2.99980961]
[0.75975167 0.82024259 3.0217442 ]
[0.74738052 0.81448094 3.12205605]
[0.74506583 0.8173311  3.12859396]
[0.75150183 0.81124101 3.1050303 ]
[2.21702918e-09 2.14084523e-09 6.00000002e+00]
[0.67662248 0.82024259 3.62609338]
[0.75325852 0.80864453 3.10334   ]
[2.21702918e-09 8.63800215e-01 4.30776637e+00]
[0.01624497 0.84150001 4.30077745]
[2.73810420e-03 8.58932842e-01 4.30455576e+00]
[0.07524488 0.84549016 4.19031884]
[0.79932996 0.15529845 4.13268144]
[0.74998239 0.12412801 4.48197574]
[0.74926145 0.13025625 4.47256096]
[0.73436038 0.14259882 4.5470708 ]
[0.72858902 0.15013646 4.57184363]
[0.73211414 0.14591172 4.55570588]
[0.72919066 0.12493962 4.6253287 ]
[0.72429187 0.14634729 4.61173028]
[0.72284135 0.1460538  4.62308383]
[0.72759054 0.1247432  4.63768839]
[0.73118433 0.14266649 4.56976101]
[0.7333533  0.12201693 4.60244262]
[0.74938315 0.09587179 4.55298022]
[0.72491001 0.14761693 4.60433849]
[0.7336401  0.1177346  4.61109995]
[0.71565323 0.14931225 4.6692729 ]
[0.7236006  0.14195722 4.62675742]
[0.71034014 0.15507962 4.69657667]
[0.7187863  0.14800801 4.64843652]
[0.72665727 0.14591172 4.59499645]
[0.72019505 0.14078043 4.65464983]
[0.71918186 0.1451555  4.65223394]
[0.72946798 0.13157405 4.60787327]
[0.75127513 0.11409934 4.49666784]
[0.72588141 0.12949098 4.63896484]
[0.73364478 0.14036029 4.55731321]
[0.73453708 0.1159808  4.6088732 ]
[0.72206391 0.14050372 4.64143249]
[0.72434416 0.12865807 4.65188301]
[0.72700471 0.13450005 4.61876351]
[0.72332671 0.13919654 4.63511706]
[0.71961697 0.14375483 4.65216514]
