0.5118810454096375
0.5118810454096375
0.5118810454096375
0.5118810454096375
0.5118810454096375
0.5118810454096375
0.5118810454096375
0.5118810454096375
0.5118810454096375
0.5118810454096375
0.5118810454096375
0.5118810454096375
0.5118810454096375
0.5118810454096375
0.5118810454096375
0.5118810454096375
0.5118810454096375
0.5118810454096375
0.5118810454096375
0.5118810454096375
0.5118810454096375
0.5118810454096375
0.5118810454096375
0.5118810454096375
0.5118810454096375
0.5118810454096375
0.5118810454096375
0.5118810454096375
0.5118810454096375
0.5118810454096375
0.5118810454096375
0.5118810454096375
0.5118810454096375
0.5118810454096375
0.5118810454096375
0.5117663135040562
0.5132293885253674
0.5075298875425339
0.5075298875425339
0.5075213166024939
0.5075213166024939
0.5075213166024939
0.5075213166024939
0.49701061391138507
0.49701061391138507
0.49701061391138507
0.3739908415798013
0.3645043073912913
0.3586742278905609
0.3571813485871398
0.3530254707747451
0.3529854959180045
0.30909212212164056
0.3069478174587376
0.30945525249773936
0.3093664856523596
0.30849724399981737
0.30799614833928735
0.3079801961296321
0.3079801961296321
0.3079801961296321
0.2912267521956501
0.29116234924102613
0.29116234924102613
0.2911493579559316
0.29107212118258363
0.2964343106878233
0.296313602217285
0.2947030843893266
0.2946930649297736
0.29467804170498474
0.2946772280868385
0.29466049198495453
0.29466026997124906
0.29460505055819713
0.2946022465622196
0.2946022465622196
0.29460184397993583
0.29460184397993583
0.29460184397993583
0.29460190119565577
0.2946017244171663
0.2946017139535597
0.294601712537913
0.294601712537913
0.29460171223808773
0.29460171223808773
0.29460171223808773
0.29460171178341615
0.29460171177544187
0.29460171177544187
0.2946017117677562
0.2946017117677562
0.2946017117677562
0.2946017117677562
0.29460171176682604
0.29460171176682604
0.29460171176682604
0.29460171176682604
0.29460171176682604
0.2945877339107418
0.2945425853147677
0.29453803843226606
0.29453802146838537
0.29453802146838537
0.2945376018900137
0.29453718323426076
0.29453718323426076
0.2945369494769617
0.2945364773644776
0.29453588225729377
0.29453588225729377
0.29453566445972473
0.29453566445972473
0.29453564481939754
0.29453564481939754
0.29436921342059497
0.29436093645659617
0.29436054727839495
0.29436043453050076
0.29435621254881217
0.29435609477244157
0.29435609477244157
0.29435609477244157
0.29435607208884507
0.29435607208884507
0.29435487054255677
0.2943543095171722
0.2943543095171722
0.2943541513073138
0.2943541513073138
0.2943541513073138
0.2943541513073138
0.2943541513073138
0.2943541513073138
0.2943541513073138
0.2943541513073138
0.29435359747792533
0.29435359747792533
0.29435349808796135
0.29435349808796135
0.29435349808796135
0.29435349808796135
0.29435349808796135
0.2943529675239171
0.2943529675239171
0.2943529675239171
0.2943529675239171
0.2943524649773361
0.2943524649773361
0.2943524649773361
0.29435244520451076
0.29435233804442307
0.29435233804442307
0.29435233804442307
0.29435233804442307
0.29435233804442307
0.29435233804442307
0.29435233804442307
0.29435233804442307
0.29435233804442307
0.29435233804442307
0.29435233804442307
0.29435233804442307
0.29435233804442307
0.29435233804442307
0.29435233804442307
0.29435233804442307
0.29435233804442307
0.29435233804442307
0.29435233804442307
0.29435233804442307
0.29435233804442307
0.29435233804442307
0.29435233804442307
0.29435233804442307
0.29435233804442307
0.29435233804442307
0.29435233804442307
0.29435233804442307
0.29435233804442307
0.29435233804442307
0.29435233804442307
0.29435233804442307
0.29435233804442307
0.29435233804442307
0.29435233804442307
0.29435233804442307
0.29435233804442307
0.29435233804442307
0.29435233804442307
0.29435233804442307
0.29435233804442307
0.29435233804442307
0.29435233804442307
0.29435233804442307
0.29435233804442307
0.29435233804442307
0.2943523362815058
0.2943523362815058
0.2943523362815058
0.2943523362815058
0.2943523362815058
0.2943523362815058
0.2943523362815058
0.2943523362815058
0.2943522709144125
0.2943522709144125
0.2943522709144125
0.2943522709144125
0.2943522709144125
0.2943522709144125
0.2943522709144125
0.2943522709144125
0.2943522709144125
0.2943522831930218
0.2943522831930218
0.2943522831930218
0.2943522831930218
0.2943522831930218
0.2943522831930218
0.2943522831930218
0.2943522831930218
0.2943522831930218
0.2943522831930218
0.2943522831930218
0.2943522831930218
0.2943522831930218
0.2943522831930218
0.2943522831930218
0.29435227439818673
0.2943522338198405
0.2943522338198405
0.2943522338198405
0.2943522338198405
0.2943522338198405
0.2943522338198405
0.2943522338198405
0.2943522338198405
0.2943522338198405
0.2943522338198405
0.2943522176455136
0.29435181382845105
0.29435180546283235
0.29435180546283235
0.29435180546283235
0.29435179910667225
0.29435179910667225
0.29435179910667225
0.29435179910667225
0.29435179910667225
0.29435179910667225
0.29435179910667225
0.29435179910667225
0.29435179910667225
0.29435179910667225
0.29435179910667225
0.29435179910667225
0.29435179910667225
0.29435179910667225
0.29435179910667225
0.29435179910667225
0.29435179910667225
0.29435179910667225
0.29435179910667225
0.29435179910667225
0.29435179910667225
0.29435179910667225
0.29435179910667225
0.29435179910667225
0.29435179910667225
0.2930990660328001
0.2922918728783219
0.2818839309321975
0.2817551811381102
0.2674783314450819
0.26747819390579275
0.26747819390579275
0.26747819390579275
0.2669802550330722
0.26696720123633194
0.2669559203433027
0.2669559203433027
0.26679832619401
0.26679832619401
0.2667869123476974
0.26678067055684396
0.26678067055684396
0.2667774322781045
0.2667769564688356
0.26677692557216953
0.266776657059085
0.26676424210992694
0.26676424210992694
0.26660906993895783
0.26660906993895783
0.2666057095289139
0.2666057095289139
0.2666057095289139
0.2666057095289139
