ID: 20231203143417_25509

Problem: dtlz7
Number of objects: 3
Number of variables: 3

Algorithm choice: 2
Algorithm phase strategy: global + local
First phase rate: 0.25
Population size: 15
Maximum number of function evaluations: 300

IGD: 0.2666057095289139
GD: 0.012514368378576435
HV: 0.7076445250041327
Time cost: 1525.6343457698822

non_dom_solutions:
[0.7640622233524577, 0.2247967903446417, 0.04872814932627474]
[0.19970131596286692, 0.36646237561031814, 0.011229170381137049]
[0.06876724332361349, 0.6590843922883158, 0.002040685384944424]
[0.08887837620580802, 0.740546661346662, 0.0006774392080234476]
[0.20172739819533372, 0.7112347179142037, 0.0004443457250470628]
[0.12855168541947165, 0.7706028062704318, 1.663603441235317e-05]
[0.0386272372298435, 0.10079839782019587, 0.0003505625307251431]
[0.015958433420037194, 0.8375756643059471, 0.00043110379432251744]
[0.15621174110492014, 0.740546661346662, 0.00040355239821667486]
[0.1300128762647854, 0.740546661346662, 4.31892862501332e-06]
[0.15613307915576138, 0.7258095419590243, 0.011189988377320447]
[0.06495269160678335, 0.7713928906620081, 0.0004309835099034931]
[0.1228415203140551, 0.7412770281939723, 4.31892862501332e-06]
[0.16512294276954192, 0.7257972921624414, 0.00035120971122017797]
[0.16512294276954192, 0.7257972921624414, 0.00035120971122017797]
[0.19970131596286692, 0.7238623320063845, 0.00031777700598313325]
[0.22842400567982185, 0.7354456985440271, 0.00043110379432251744]
[0.22800254959171332, 0.7238623320063845, 0.0003176749654200707]
[0.03844846223801844, 0.007025185825639713, 0.0003509773231968808]
[0.20623938579026482, 0.7266034627943663, 0.00031777700598313325]
[0.12835652043480503, 0.7379857999383082, 0.00043110379432251744]
[0.12855168541947165, 0.742496347707012, 0.00043110379432251744]
[0.20623938579026482, 0.7304100435207804, 0.0001665583769209335]
[0.0004942985444996544, 5.5764952653844635e-05, 1.567791971191114e-05]
[1.1329874117117861e-07, 6.918303613255641e-08, 3.0496102224718063e-10]
[7.294607020005321e-08, 4.384220930062768e-09, 1.5114961419258681e-10]
[4.7864598995564525e-09, 1.2122288462744045e-08, 3.0496102224718063e-10]
[3.909141216906557e-09, 4.022082928956211e-09, 1.525912735743675e-10]
[3.0088700352549594e-11, 1.2122288462744045e-08, 3.0496102224718063e-10]
[6.725530120106003e-08, 0.8382622261989203, 7.110707708631682e-07]
[7.393324943966515e-08, 0.8274790153096004, 1.0778528589591054e-10]
[8.857480660061983e-10, 0.8539958215652611, 1.252835805230163e-08]
[3.1513828070858764e-09, 0.8539253789578456, 7.380838950579002e-11]
[6.612690960126195e-08, 0.834263681144844, 1.243407851280085e-08]
[1.6245320965058132e-06, 0.8341560139128845, 1.6039766396082522e-12]
[6.725530120106003e-08, 0.8317515458318449, 1.252835805230163e-08]
[6.725530120106003e-08, 0.8393920766974198, 1.252835805230163e-08]
[8.902150095012702e-10, 0.8511301440256049, 1.5295679580616966e-10]
[1.6416184525275754e-06, 0.8391651830940909, 1.5295679580616966e-10]
[8.902150095012702e-10, 0.8504028619502556, 1.0624205647780262e-11]
[8.902150095012702e-10, 0.8395150425892655, 1.5295679580616966e-10]
[6.725530120106003e-08, 0.857519079647068, 1.252835805230163e-08]
[0.023696717785606874, 0.8399597116438965, 3.5199672501498336e-10]
[0.01597094299673546, 0.8477664653195847, 0.0001257290174768999]
[0.002134000819321642, 0.8518808666216817, 2.3529462550479374e-11]
[1.6686446223761498e-06, 0.8404326560054779, 6.962038983231371e-07]
[0.01597094299673546, 0.8519041484708613, 1.0082857372908038e-08]
[8.902150095012702e-10, 0.8494028507688935, 7.534123470201577e-11]
[3.0088700352549594e-11, 0.8539731394205652, 0.021869146269957916]
[4.917157758898101e-10, 0.853459242722122, 2.1395319389014684e-08]
[5.223609132476403e-08, 0.8541783568043951, 9.634469099627459e-09]
[0.009409983888336863, 0.850697342184808, 5.696315106506007e-09]
[0.00736415171747364, 0.8532647546542715, 1.2001903819079741e-05]
[5.802571688874295e-12, 0.8495004472231736, 0.03132780940944665]
[1.794598786863725e-09, 0.8588248854903275, 1.525912735743675e-10]
[3.6320766569133716e-10, 0.8564407718213475, 1.5114961419258681e-10]
[6.725530120106003e-08, 0.8561281551406031, 4.693232086942303e-10]
[1.253515202460989e-06, 0.8560880575226657, 1.7269139106423798e-07]
[9.33318414819842e-08, 0.855834057351172, 1.4835692157995573e-10]
[3.909141216906557e-09, 0.8578660141908067, 6.540957906036397e-10]
[0.0074891408364180165, 0.8567179075884965, 1.5295679580616966e-10]
[1.1703166118866259e-07, 0.854978904982265, 1.5639656723230405e-10]
[6.801783008171651e-08, 0.8568587852072403, 1.5295679580616966e-10]
[1.651900084033136e-06, 0.8551515108259115, 7.042739426585002e-07]
[1.1365031270397907e-07, 0.8509014506837066, 9.66639678844804e-07]
[0.004751317466311872, 0.8503067653479257, 5.846732116001068e-07]
[8.6448775757579e-09, 0.8562220977198863, 3.1363657331395303e-09]
[6.793206786180773e-05, 0.8454914445712158, 8.299663592250652e-05]
[0.00036024233800426367, 0.8480365455050044, 0.0001257290174768999]
[0.004207543449047765, 0.8631846586027565, 1.622234443998104e-10]
[1.728357076352425e-06, 0.8542637430075464, 5.405062215462208e-07]
[1.1329874117117861e-07, 0.8571932656313703, 3.0496102224718063e-10]
[8.902150095012702e-10, 0.8555984471340131, 1.5295679580616966e-10]
[7.381746525121748e-08, 0.8537803924647476, 1.5295679580616966e-10]
[8.387124312344439e-09, 0.8567531418940287, 1.252835805230163e-08]
[6.725530120106003e-08, 0.8509145627481153, 1.252835805230163e-08]
[1.8189022313493452e-10, 0.858999148820081, 3.1218865185253475e-10]
[1.5597355392903374e-08, 0.8578334917878766, 7.314118511301086e-07]
[6.108276579071387e-10, 0.8574381931299325, 1.252835805230163e-08]
[2.0596010292359726e-09, 0.8581688147395542, 1.520493024086285e-10]
[2.1006983360905296e-11, 0.8569719393877966, 1.9666478704785377e-11]
[6.646658344754654e-10, 0.8569200363102198, 1.5259212507022494e-10]
[1.651900084033136e-06, 0.8557264087351739, 7.042739426585002e-07]
[2.0993701281753414e-11, 0.8589645807255217, 1.3894115717653182e-11]
[3.0696993065913577e-09, 0.8594287352609573, 1.252835805230163e-08]
[1.1238055849167353e-07, 0.858659108853477, 1.8111485822089906e-10]
[6.839959832605244e-08, 0.8586164105929119, 1.2755738600261318e-08]
[1.3397751783694152e-11, 0.8584100412853318, 1.5295679580616966e-10]
[1.728357076352425e-06, 0.8591033265968773, 1.714046738753611e-08]
[8.902150095012702e-10, 0.8574683600032411, 7.380838950579002e-11]
[6.461997443361103e-10, 0.8558262962787624, 1.774558340484032e-11]
[4.0923243046514295e-08, 0.8594999022261034, 1.251314265881938e-10]
[8.838825113279366e-12, 0.8598282480638404, 3.0496102224718063e-10]
[6.693909357270712e-08, 0.859402361844049, 1.4308671588533386e-11]
[9.101630146194659e-10, 0.8592247666021082, 3.044533731660153e-10]
[2.0993701281753414e-11, 0.8589015456033703, 2.1192243681364712e-11]
[0.0022582175802356597, 0.8585942375918693, 1.5495946599737416e-10]
[0.008365659203136585, 0.8588436271149729, 5.1625134273057234e-11]
[0.002013154309603965, 0.8602156763284153, 1.4308671588533386e-11]
[0.0020552610648082946, 0.8600414513473456, 2.9085314610231736e-11]
[0.0013708723700769205, 0.8589371836562948, 3.980868527490132e-10]
[4.917157758898101e-10, 0.8594964029925964, 2.419506887293587e-09]
[0.08640933520550613, 0.8566711408111892, 1.4043166954331265e-12]
[0.10554176610452409, 0.8490310079449048, 3.1281042598671647e-11]
[0.22998436944203166, 0.840897600598365, 3.0496102224718063e-10]
[0.10554176610452409, 0.835827212321993, 3.1281042598671647e-11]
[0.29850566842039894, 0.8281544462022619, 1.5164317909125225e-10]
[0.2976980779591746, 0.8281960236811239, 1.5164317909125225e-10]
[0.29774839882061743, 0.8285260264666272, 1.4724530688039268e-10]
[0.14106530531585543, 0.830417915949464, 3.1670056695832434e-10]
[0.10554176610452409, 0.8340445398551136, 3.1281042598671647e-11]
[0.14106530531585543, 0.8293223944318286, 1.483776469214335e-10]
[4.7864598995564525e-09, 0.7969171026337839, 3.1651768903441476e-10]
[0.0003620629837007283, 0.8023111334005779, 3.0970652332960976e-10]
[0.00010969728881216056, 0.8076959269056366, 8.838948376664395e-11]
[1.6727027160504808e-06, 0.8118811766176707, 5.682431774489126e-07]
[0.0002669214492350275, 0.8120209641235192, 3.0496102224718063e-10]
[1.6727027160504808e-06, 0.8116948367577785, 5.650484954260448e-07]
[2.1397960152803864e-07, 0.8099141294024892, 1.4575928845386806e-09]
[0.005003837270893263, 0.8101377415492558, 2.5337717394323183e-10]
[1.1329874117117861e-07, 0.7848470112356852, 0.020188183632411226]
[4.263698930929616e-09, 0.8003431612185165, 0.020188183632411226]
[3.147917414693083e-12, 0.8035423240384358, 0.038789872646275744]

non_dom_solutions_y:
[0.76406222 0.22479679 5.52797528]
[0.19970132 0.36646238 5.65949555]
[0.06876724 0.65908439 5.332792  ]
[0.08887838 0.74054666 4.64784645]
[0.2017274  0.71123472 4.61817936]
[0.12855169 0.77060281 4.34114738]
[0.03862724 0.1007984  5.77429463]
[0.01595843 0.83757566 4.31880826]
[0.15621174 0.74054666 4.48370775]
[0.13001288 0.74054666 4.53224936]
[0.15613308 0.72580954 4.8808777 ]
[0.06495269 0.77139289 4.4943256 ]
[0.12284152 0.74127703 4.5441393 ]
[0.16512294 0.72579729 4.56958949]
[0.16512294 0.72579729 4.56958949]
[0.19970132 0.72386233 4.52333843]
[0.22842401 0.7354457  4.41291582]
[0.22800255 0.72386233 4.49417911]
[0.03844846 0.00702519 5.94990835]
[0.20623939 0.72660346 4.49470833]
[0.12835652 0.7379858  4.56568597]
[0.12855169 0.74249635 4.53363268]
[0.20623939 0.73041004 4.46290404]
[4.94298544e-04 5.57649527e-05 5.99987091e+00]
[1.13298741e-07 6.91830361e-08 5.99999983e+00]
[7.29460702e-08 4.38422093e-09 5.99999993e+00]
[4.78645990e-09 1.21222885e-08 5.99999999e+00]
[3.90914122e-09 4.02208293e-09 6.00000000e+00]
[3.00887004e-11 1.21222885e-08 6.00000000e+00]
[6.72553012e-08 8.38262226e-01 4.32439898e+00]
[7.39332494e-08 8.27479015e-01 4.34630115e+00]
[8.85748066e-10 8.53995822e-01 4.30815080e+00]
[3.15138281e-09 8.53925379e-01 4.30818050e+00]
[6.61269096e-08 8.34263681e-01 4.33150498e+00]
[1.62453210e-06 8.34156014e-01 4.33171142e+00]
[6.72553012e-08 8.31751546e-01 4.33658961e+00]
[6.72553012e-08 8.39392077e-01 4.32258424e+00]
[8.90215010e-10 8.51130144e-01 4.30968439e+00]
[1.64161845e-06 8.39165183e-01 4.32293525e+00]
[8.90215010e-10 8.50402862e-01 4.31017531e+00]
[8.90215010e-10 8.39515043e-01 4.32239433e+00]
[6.72553012e-08 8.57519080e-01 4.30714376e+00]
[0.02369672 0.83995971 4.29277292]
[0.01597094 0.84776647 4.2973273 ]
[2.13400082e-03 8.51880867e-01 4.30704382e+00]
[1.66864462e-06 8.40432656e-01 4.32103238e+00]
[0.01597094 0.85190415 4.29084147]
[8.90215010e-10 8.49402851e-01 4.31091732e+00]
[3.00887004e-11 8.53973139e-01 4.89862704e+00]
[4.91715776e-10 8.53459243e-01 4.30838957e+00]
[5.22360913e-08 8.54178357e-01 4.30807466e+00]
[0.00940998 0.85069734 4.2997283 ]
[0.00736415 0.85326475 4.30093019]
[5.80257169e-12 8.49500447e-01 5.15669235e+00]
[1.79459879e-09 8.58824885e-01 4.30701741e+00]
[3.63207666e-10 8.56440772e-01 4.30734847e+00]
[6.72553012e-08 8.56128155e-01 4.30742487e+00]
[1.25351520e-06 8.56088058e-01 4.30743870e+00]
[9.33318415e-08 8.55834057e-01 4.30750376e+00]
[3.90914122e-09 8.57866014e-01 4.30709694e+00]
[0.00748914 0.85671791 4.29926977]
[1.17031661e-07 8.54978905e-01 4.30777168e+00]
[6.80178301e-08 8.56858785e-01 4.30725812e+00]
[1.65190008e-06 8.55151511e-01 4.30773047e+00]
[1.13650313e-07 8.50901451e-01 4.30986031e+00]
[0.00475132 0.85030677 4.30529502]
[8.64487758e-09 8.56222098e-01 4.30740122e+00]
[6.79320679e-05 8.45491445e-01 4.31673475e+00]
[3.60242338e-04 8.48036546e-01 4.31508948e+00]
[4.20754345e-03 8.63184659e-01 4.30319359e+00]
[1.72835708e-06 8.54263743e-01 4.30805265e+00]
[1.13298741e-07 8.57193266e-01 4.30719570e+00]
[8.90215010e-10 8.55598447e-01 4.30757197e+00]
[7.38174653e-08 8.53780392e-01 4.30824346e+00]
[8.38712431e-09 8.56753142e-01 4.30728003e+00]
[6.72553012e-08 8.50914563e-01 4.30982589e+00]
[1.81890223e-10 8.58999149e-01 4.30701072e+00]
[1.55973554e-08 8.57833492e-01 4.30712062e+00]
[6.10827658e-10 8.57438193e-01 4.30715604e+00]
[2.05960103e-09 8.58168815e-01 4.30706402e+00]
[2.10069834e-11 8.56971939e-01 4.30723610e+00]
[6.64665834e-10 8.56920036e-01 4.30724611e+00]
[1.65190008e-06 8.55726409e-01 4.30755180e+00]
[2.09937013e-11 8.58964581e-01 4.30701185e+00]
[3.06969931e-09 8.59428735e-01 4.30700473e+00]
[1.12380558e-07 8.58659109e-01 4.30702588e+00]
[6.83995983e-08 8.58616411e-01 4.30702883e+00]
[1.33977518e-11 8.58410041e-01 4.30704295e+00]
[1.72835708e-06 8.59103327e-01 4.30700658e+00]
[8.90215010e-10 8.57468360e-01 4.30715109e+00]
[6.46199744e-10 8.55826296e-01 4.30750602e+00]
[4.09232430e-08 8.59499902e-01 4.30700471e+00]
[8.83882511e-12 8.59828248e-01 4.30701156e+00]
[6.69390936e-08 8.59402362e-01 4.30700430e+00]
[9.10163015e-10 8.59224767e-01 4.30700559e+00]
[2.09937013e-11 8.58901546e-01 4.30701417e+00]
[2.25821758e-03 8.58594238e-01 4.30472367e+00]
[0.00836566 0.85884363 4.29799201]
[2.01315431e-03 8.60215676e-01 4.30497913e+00]
[2.05526106e-03 8.60041451e-01 4.30492543e+00]
[1.37087237e-03 8.58937184e-01 4.30562424e+00]
[4.91715776e-10 8.59496403e-01 4.30700479e+00]
[0.08640934 0.85667114 4.15804163]
[0.10554177 0.84903101 4.11716392]
[0.22998437 0.8408976  3.90012181]
[0.10554177 0.83582721 4.13452737]
[0.29850567 0.82815445 3.94993939]
[0.29769808 0.82819602 3.94876634]
[0.2977484  0.82852603 3.94805243]
[0.14106531 0.83041792 4.06143352]
[0.10554177 0.83404454 4.13788059]
[0.14106531 0.82932239 4.06390358]
[4.78645990e-09 7.96917103e-01 4.45264386e+00]
[3.62062984e-04 8.02311133e-01 4.42906344e+00]
[1.09697289e-04 8.07695927e-01 4.40796192e+00]
[1.67270272e-06 8.11881177e-01 4.39278870e+00]
[2.66921449e-04 8.12020964e-01 4.39201658e+00]
[1.67270272e-06 8.11694837e-01 4.39344497e+00]
[2.13979602e-07 8.09914129e-01 4.39982017e+00]
[0.00500384 0.81013774 4.39376678]
[1.13298741e-07 7.84847011e-01 5.05591817e+00]
[4.26369893e-09 8.00343161e-01 4.98277031e+00]
[3.14791741e-12 8.03542324e-01 5.47170755e+00]
