208.46619783705515
208.46619783705515
208.46619783705515
208.46619783705515
208.46619783705515
208.46619783705515
208.46619783705515
208.46619783705515
208.46619783705515
208.46619783705515
208.46619783705515
208.46619783705515
208.46619783705515
208.46619783705515
208.46619783705515
208.46619783705515
208.46619783705515
208.46619783705515
208.46619783705515
208.46619783705515
208.46619783705515
208.46619783705515
208.46619783705515
208.46619783705515
208.46619783705515
208.46619783705515
208.46619783705515
208.46619783705515
208.46619783705515
208.46619783705515
208.46619783705515
208.46619783705515
208.46619783705515
208.46619783705515
208.46619783705515
208.46619783705515
208.46619783705515
208.46619783705515
208.46619783705515
208.46619783705515
208.46619783705515
208.46619783705515
208.46619783705515
208.46619783705515
208.46619783705515
208.46619783705515
208.46619783705515
208.46619783705515
208.46619783705515
208.46619783705515
208.46619783705515
208.46619783705515
208.46619783705515
208.46619783705515
208.46619783705515
208.46619783705515
208.46619783705515
208.46619783705515
208.46619783705515
208.46619783705515
208.46619783705515
208.46619783705515
208.46619783705515
208.46619783705515
208.46619783705515
208.46619783705515
208.46619783705515
208.46619783705515
208.46619783705515
208.46619783705515
208.46619783705515
208.46619783705515
208.46619783705515
208.46619783705515
208.46619783705515
208.46619783705515
208.46619783705515
208.46619783705515
208.46619783705515
208.46619783705515
208.46619783705515
208.46619783705515
208.46619783705515
208.46619783705515
208.46619783705515
208.46619783705515
208.46619783705515
208.46619783705515
208.46619783705515
208.46619783705515
208.46619783705515
208.46619783705515
208.46619783705515
208.46619783705515
208.46619783705515
208.46619783705515
208.46619783705515
208.46619783705515
208.46619783705515
208.46619783705515
208.46619783705515
208.46619783705515
208.46619783705515
208.46619783705515
208.46619783705515
208.46619783705515
208.46619783705515
208.46619783705515
208.46619783705515
188.01336111926787
188.01336111926787
188.01336111926787
188.01336111926787
188.01336111926787
164.95415168276702
164.95415168276702
164.95415168276702
164.95415168276702
160.967341376592
160.967341376592
160.967341376592
160.967341376592
117.8503571930033
117.8503571930033
117.8503571930033
78.8680889665147
56.315854826843015
56.315854826843015
56.315854826843015
56.315854826843015
56.315854826843015
56.315854826843015
56.315854826843015
56.315854826843015
56.315854826843015
56.315854826843015
56.315854826843015
56.315854826843015
53.659133148250774
36.54729076775355
36.54729076775355
36.54729076775355
36.54729076775355
36.54729076775355
36.54729076775355
36.110964000238376
36.110964000238376
36.110964000238376
36.110964000238376
36.110964000238376
36.110964000238376
36.110964000238376
36.110964000238376
28.62340141931476
28.62340141931476
25.339484216175812
25.339484216175812
25.339484216175812
25.339484216175812
25.339484216175812
25.339484216175812
25.339484216175812
24.837994322917304
24.837994322917304
23.736991751390693
23.736991751390693
23.736991751390693
23.736991751390693
23.736991751390693
23.736991751390693
23.736991751390693
23.736991751390693
23.736991751390693
22.70170088989867
22.70170088989867
22.70170088989867
22.70170088989867
22.70170088989867
22.690570878592705
22.487063946021337
22.487063946021337
22.487063946021337
14.130690123018068
14.130690123018068
14.130690123018068
14.130690123018068
14.130690123018068
11.028924076144042
10.906294283848112
10.906294283848112
10.906294283848112
10.836346675182197
10.836346675182197
10.836346675182197
9.839441025713779
8.479895141925189
8.479895141925189
7.487437476209171
7.004117105027083
7.004117105027083
7.004117105027083
7.004117105027083
7.004117105027083
7.004117105027083
7.004117105027083
7.004117105027083
7.004117105027083
7.004117105027083
7.004117105027083
7.004117105027083
7.004117105027083
7.004117105027083
7.004117105027083
7.004117105027083
7.004117105027083
7.004117105027083
7.004117105027083
7.004117105027083
7.004117105027083
7.004117105027083
7.004117105027083
7.004117105027083
7.004117105027083
7.004117105027083
7.004117105027083
7.004117105027083
7.004117105027083
7.004117105027083
7.004117105027083
7.004117105027083
7.004117105027083
7.004117105027083
7.004117105027083
7.004117105027083
7.004117105027083
7.004117105027083
7.004117105027083
7.004117105027083
7.004117105027083
7.004117105027083
7.004117105027083
7.004117105027083
7.004117105027083
5.329722483276085
5.329722483276085
5.329722483276085
5.329722483276085
5.329722483276085
4.487090706513376
4.487090706513376
4.487090706513376
4.487090706513376
4.487090706513376
4.487090706513376
4.487090706513376
4.487090706513376
4.487090706513376
4.487090706513376
4.487090706513376
3.864952384869481
3.864952384869481
3.864952384869481
3.864952384869481
3.864952384869481
3.864952384869481
3.864952384869481
3.864952384869481
3.864952384869481
3.864952384869481
3.864952384869481
3.864952384869481
3.864952384869481
3.864952384869481
3.864952384869481
3.864952384869481
3.864952384869481
3.864952384869481
3.864952384869481
3.864952384869481
3.864952384869481
3.864952384869481
3.864952384869481
3.864952384869481
3.4022196773673485
3.4022196773673485
3.3279259457233974
3.3279259457233974
2.633318346432157
2.633318346432157
2.5862536596958816
2.5862536596958816
2.5862536596958816
2.5862536596958816
2.5862536596958816
2.5862536596958816
2.5862536596958816
2.5862536596958816
2.5862536596958816
2.5862536596958816
2.504649252937938
2.504649252937938
2.504649252937938
2.504649252937938
2.504649252937938
2.504649252937938
2.504649252937938
2.504649252937938
2.359816670511683
2.359816670511683
2.359816670511683
2.359816670511683
0.8275378903435882
0.8275378903435882
0.8274914842582184
0.8266696582165503
0.8266696582165503
0.688619079400091
0.6866499741511601
0.6866499741511601
0.6866499741511601
0.6866499741511601
0.68669638023653
0.68669638023653
0.68669638023653
0.68669638023653
0.6057095618391102
0.5356249030004582
0.5356249030004582
0.5186030606748843
0.5186030606748843
0.5186030606748843
0.5186030606748843
0.5186030606748843
0.5172140472384202
0.5172140472384202
0.5172140472384202
0.5172140472384202
0.5116255446711148
0.5116238349303629
0.5050833610269475
0.43036902313579295
0.43036902313579295
0.43036902313579295
0.43036902313579295
0.43036902313579295
0.43036902313579295
0.43036902313579295
0.43036902313579295
0.43036902313579295
0.43036902313579295
0.42759422857803536
0.42759422857803536
0.37084465440922665
0.37084465440922665
0.37084465440922665
0.37084465440922665
0.3697215047382899
0.3697215047382899
0.3697215047382899
0.3557654743985389
0.3555324713766173
0.3555324713766173
0.3377544449532505
0.3377544449532505
0.28855925166619883
0.2815251662288715
0.2815251662288715
0.2815251662288715
0.2794024562522225
0.2794024562522225
0.2794024562522225
0.2794024562522225
0.2794024562522225
0.2794024562522225
0.2790355135893687
0.2790355135893687
0.2553178120016546
0.25502591300069305
0.2518328885860198
0.2518328885860198
0.24532989070186972
0.24345383614309385
0.24262385734139985
0.24258249229534257
0.23713012175356282
0.23713012175356282
0.23068097937091717
0.23068097937091717
0.22358898127429114
0.21669863676096998
0.21669863676096998
0.21554364681518146
0.2094307734808981
0.20187663574945616
0.19716118629282559
0.19716118629282559
0.19716118629282559
0.18538579733916935
0.18472920447227917
0.1840905468716716
0.18250374742420186
0.1816346617908346
0.1816346617908346
0.1816346617908346
0.16745483086788826
0.16735345773404375
0.16735345773404375
0.1667841835922593
0.16586177233018176
0.16586177233018176
0.16586177233018176
0.16586177233018176
0.16586177233018176
0.16586177233018176
0.1658326228495741
0.1658326228495741
0.16517883155488
0.1651358982080654
0.1651358982080654
0.16511970088032388
0.16511970088032388
0.16490935916211558
0.15341299908807277
0.1531623515000333
0.1531623515000333
0.1531623515000333
0.1479300961691074
0.1467563374364646
0.14666169480173544
0.14619534138326518
0.14619534138326518
0.14534076245695737
0.14428559946129685
0.1442220961892523
0.14394299847371778
0.13906580462490337
0.13808410578059457
0.13683707567011316
0.13683707567011316
0.13683707567011316
0.13683707567011316
0.1362651299239206
0.1362651299239206
0.1362651299239206
0.1362651299239206
0.1362651299239206
0.1362651299239206
0.13492992888390468
0.13492992888390468
0.13205780491781388
0.1296206083868969
0.12301007841132491
0.12301007841132491
0.12301007841132491
0.1227210367018765
0.1227210367018765
0.12234793724253941
0.12205271646423803
0.12090190971263368
0.12089399994430815
0.1190034688022938
0.11521895953944551
0.11520412859906493
0.1146718701157023
0.1146718701157023
0.1146718701157023
0.1146718701157023
0.11359654813096208
0.11083980423673721
0.11083980423673721
0.1108154884469931
0.11080855586733523
0.11042014988465206
0.10834183952871858
0.10834183952871858
0.10834183952871858
0.10834183952871858
0.10809135592272572
0.10795563591438928
0.10795563591438928
0.10676354560585503
0.10429612133102643
0.10373436170614223
0.10373436170614223
0.10225786142098141
0.10225786142098141
0.09865119196379134
0.0972377302527424
0.0972377302527424
0.0972377302527424
0.0970842824058502
0.09534631885674748
0.09521928528322551
0.09488523037430076
0.09488523037430076
0.09445045401842864
0.09412548413452149
0.09336647718633778
0.09292706831686849
0.09292706831686849
