1.5819903810763265
1.5819903810763265
1.5819903810763265
1.5819903810763265
1.5819903810763265
1.5819903810763265
1.5819903810763265
1.5819903810763265
1.5819903810763265
1.5819903810763265
1.5819903810763265
1.5819903810763265
1.5819903810763265
1.5819903810763265
1.5819903810763265
1.5819903810763265
1.5819903810763265
1.5819903810763265
1.5819903810763265
1.5819903810763265
1.5819903810763265
1.5819903810763265
1.5819903810763265
1.5819903810763265
1.5819903810763265
1.5819903810763265
1.5819903810763265
1.5819903810763265
1.5819903810763265
1.5819903810763265
1.5819903810763265
1.5819903810763265
1.5819903810763265
1.5819903810763265
1.5819903810763265
1.5819903810763265
1.5819903810763265
1.5819903810763265
1.5819903810763265
1.5819903810763265
1.5819903810763265
1.5819903810763265
1.5819903810763265
1.5819903810763265
1.5819903810763265
1.5819903810763265
1.5819903810763265
1.5819903810763265
1.5819903810763265
1.5819903810763265
1.5819903810763265
1.5819903810763265
1.5819903810763265
1.5819903810763265
1.5826243767655748
1.5826243767655748
1.5826243767655748
1.5826243767655748
1.5826243767655748
1.5826243767655748
1.5826243767655748
1.5398868484063404
1.5387416756552355
1.5387416756552355
1.1649227779301503
1.1649227779301503
1.1649227779301503
1.1649227779301503
1.1649227779301503
1.1649227779301503
1.1649227779301503
1.152030371295498
1.152030371295498
1.152030371295498
1.152030371295498
1.152030371295498
1.152030371295498
1.0275062778023942
1.0151989281882243
1.0031756778366012
1.0031756778366012
1.0085185918495034
1.0085185918495034
1.0085185918495034
1.0085185918495034
1.0085185918495034
1.0085185551284201
1.0085185551284201
1.0085185551284201
1.0085185551284201
0.8857638914163085
0.8856226535001838
0.8856226535001838
0.8856226535001838
0.8856226535001838
0.8905018008252853
0.8905018008252853
0.8506563967684587
0.8505298784998908
0.8505298784998908
0.8505298784998908
0.8505298784998908
0.8505298784998908
0.8505298784998908
0.8505298784998908
0.8505298784998908
0.8505298784998908
0.8505298784998908
0.8505298784998908
0.8505298784998908
0.8505298784998908
0.8505298784998908
0.8505298784998908
0.8505298784998908
0.8505298784998908
0.7505337858870111
0.7505269554088656
0.7505269554088656
0.7505269554088656
0.7505269554088656
0.7505269554088656
0.7505269554088656
0.7505269554088656
0.7505269554088656
0.7505269554088656
0.7505269554088656
0.7505269554088656
0.7505269554088656
0.7503998023976677
0.7503998023976677
0.7503998023976677
0.7503998023976677
0.7503998023976677
0.7503998023976677
0.7503998023976677
0.7503998023976677
0.7503998023976677
0.7503998023976677
0.7481381017546054
0.7444222251994496
0.6951018223703556
0.6951018223703556
0.6946557570719292
0.6946557570719292
0.6946557570719292
0.6946557570719292
0.6946557570719292
0.6946557570719292
0.679545259129283
0.679545259129283
0.679545259129283
0.679545259129283
0.679545259129283
0.679545259129283
0.6728917945847581
0.6719140694720633
0.6718855322295519
0.6718855322295519
0.6718855322295519
0.6718855322295519
0.6718855322295519
0.6718855322295519
0.6718855322295519
0.6718855322295519
0.6718855322295519
0.6718855322295519
0.6717786971841353
0.6717786971841353
0.6717786971841353
0.6717786971841353
0.6717786971841353
0.6715523731051319
0.6715523731051319
0.6715523731051319
0.6715523731051319
0.6715523731051319
0.6715523731051319
0.6715523731051319
0.6715327679779507
0.6715817410247946
0.6715135955091698
0.6714328740744948
0.6714328740744948
0.6714328740744948
0.6714328740744948
0.6714141228073994
0.6713504025841707
0.6713504025841707
0.6713492459700661
0.6713492459700661
0.6713492459700661
0.671308895839526
0.6712950765493064
0.6712916442866712
0.6712944337799729
0.6712925961095604
0.6712916515918742
0.6712918687415039
0.6712918424700733
0.6712918377239064
0.6712918147445677
0.6712918058119391
0.6712917956559007
0.6712917948818496
0.6712917943916055
0.6712917943916055
0.6712917943916055
0.6712917943916055
0.6712917943916055
0.6712917943916055
0.6654012772218425
0.6654012772218425
0.6654012772218425
0.6654012772218425
0.6654012772218425
0.6654012772218425
0.6650275140932052
0.6650275140932052
0.6650275140932052
0.6650275140904325
0.6650275140904325
0.6650275140904325
0.6650275140904325
0.6650275140904325
0.6650275140904325
0.6650275140904325
0.6650203632244039
0.6650203632244039
0.6650203632244039
0.6650203632244039
0.6650203632244039
0.6650203632244039
0.6290753359446418
0.6286703968683932
0.6286703968683932
0.6286703968683932
0.6286703968683932
0.6286703968683932
0.6286703968683932
0.6285949481797976
0.6285949481797976
0.6285949481797976
0.6285949481797976
0.6285949481797976
0.6285949481797976
0.6285949481797976
0.6285949481784976
0.6285949481784976
0.6285923848463588
0.6285923848463588
0.6285923848463588
0.6285923848463588
0.6285923848463588
0.6285923848463588
0.6285923848463588
0.6285923848463588
0.6285923848463588
0.6285923848463588
0.6285923848463588
0.6285923848463588
0.6285923848463588
0.6285923848463588
0.6285617803664445
0.6285617803664445
0.6285617803664445
0.6285617803664445
0.6285617803662812
0.6285617803662812
0.6285617803662812
0.6285617803662812
0.6285617803662812
0.6285617803662812
0.6285613118843163
0.6285613118843163
0.6285613118843163
0.6285613118843163
0.628561061411181
0.628561061411181
0.628561058134247
0.628561058134247
0.628561058134247
0.628561058134247
0.628561058134247
0.628561058134247
0.628561058134247
0.6285591157886519
0.6285591157886519
0.6285591157886519
0.6285591157886519
0.6285591157886519
0.6285591157886519
0.6285591157886519
0.6285591157886519
0.6285591157886519
0.6285591157886519
0.6285591031105645
0.6285591031105645
0.6285591031105643
0.6285589729140209
0.6277555306242845
