ID: 20231203192957_9463

Problem: dtlz7
Number of objects: 3
Number of variables: 5

Algorithm choice: 2
Algorithm phase strategy: global + local
First phase rate: 0.5
Population size: 15
Maximum number of function evaluations: 300

IGD: 0.6277555306242845
GD: 0.011944454449284587
HV: 0.47132813347062913
Time cost: 1084.9541199207306

non_dom_solutions:
[0.002607149869556639, 0.23026477341944285, 0.00676120999320971, 0.010916242755031379, 0.014615381176936438]
[0.07318624879172539, 0.2621298894055751, 0.0054611872682710574, 0.0021546191889506502, 0.014606561574078301]
[0.001372981677185428, 0.23644475878268958, 0.0024956582152276877, 0.0021546191889506502, 0.008888445438576479]
[0.0792451432754629, 0.2629093545893478, 0.0008281127733531235, 0.0021546191889506502, 0.008888445438576479]
[0.012018955463158496, 0.2629093545893478, 0.0008281127733531235, 0.0021546191889506502, 0.00885692727012732]
[4.27550514396562e-11, 1.9741783545488677e-07, 1.2128728293239548e-07, 1.1521012107263556e-07, 2.9158937817107874e-07]
[1.6676161903738962e-09, 2.394170164678507e-09, 2.870821893308778e-09, 1.9820087420255317e-09, 7.331729862439761e-09]
[1.6676161903738962e-09, 2.394170164678507e-09, 2.870821893308778e-09, 1.9820087420255317e-09, 7.331729862439761e-09]
[0.06283320216395707, 2.437999178299226e-09, 2.870821893308778e-09, 1.6433497900887476e-09, 2.9158937817107874e-07]
[0.007003204588438317, 0.018630882850257786, 2.870821893308778e-09, 1.9820087420255317e-09, 7.331729862439761e-09]
[0.006776357300013614, 8.8298837520439e-09, 9.574040461689747e-10, 1.6381965160602516e-09, 7.331729862439761e-09]
[4.4207052689511087e-10, 9.114310275269258e-09, 2.872641613770531e-09, 1.718037965577496e-09, 7.331729862439761e-09]
[0.19303441806355223, 9.128203909272309e-09, 2.870821893308778e-09, 1.7183106599268794e-09, 2.4253206099526378e-09]
[1.6791183748606726e-09, 0.03943166159985791, 2.8656395351511604e-09, 1.7196763836888688e-09, 7.331515908408985e-09]
[1.6676161903738962e-09, 0.04236626983083066, 2.2161454047916156e-09, 1.6391390400784048e-09, 7.331729862439761e-09]
[0.008576976769493795, 8.887083795919113e-09, 2.872549572001598e-09, 8.849663251745369e-10, 6.258899038261677e-09]
[4.65230361946844e-10, 8.887083795919113e-09, 1.2664687481111323e-09, 1.6320529399685938e-09, 6.2383360430792195e-09]
[4.4741447064184037e-10, 8.887083795919113e-09, 2.7196669765294055e-09, 1.5621990395268085e-09, 6.258899038261677e-09]
[4.65230361946844e-10, 2.452677908512048e-09, 1.2665751154423502e-09, 1.6320529399685938e-09, 6.2383360430792195e-09]
[1.6676161903738962e-09, 8.885694328374108e-09, 1.204224122905581e-10, 1.5998267292823509e-09, 7.331729862439761e-09]
[4.476155343191313e-10, 9.123048705774777e-09, 1.2985026722031465e-10, 1.7183106599268794e-09, 7.331899545770501e-09]
[0.02836528104361661, 9.13793619969291e-09, 2.8726616587318877e-09, 1.5902181630492313e-09, 6.219157289084073e-09]
[0.0025727687471515446, 6.730255389929276e-09, 2.6838966198032733e-10, 1.6178172706354879e-09, 7.355885341857605e-09]
[4.1548485841945827e-10, 9.124831485443039e-09, 1.2664687481111323e-09, 4.916829193327658e-10, 8.256793073203236e-10]
[0.009783512825685382, 9.123067288607708e-09, 1.0269875398318294e-09, 1.9900604512822745e-10, 7.112820109787048e-09]
[0.007273294533106245, 9.128203909272309e-09, 2.870821893308778e-09, 1.7183106599268794e-09, 2.400792212620873e-09]
[0.0049860112699095125, 8.885694328374108e-09, 1.204224122905581e-10, 2.4814555266642016e-10, 7.331729862439761e-09]
[4.476155343191313e-10, 9.123067288607708e-09, 1.022513162288369e-09, 1.9900604512822745e-10, 2.588861389258869e-09]
[0.0003068981518915832, 8.886101505842317e-09, 7.541964628271446e-10, 2.360154554737558e-10, 7.4386555656998945e-09]
[0.002083588417720706, 9.124831485443039e-09, 1.3509594868105387e-09, 1.7181369076395827e-09, 1.103342063620116e-09]
[0.0010852588318299736, 8.876914918333479e-09, 1.204224122905581e-10, 1.5998267292823509e-09, 7.3366814157431214e-09]
[4.476155343191313e-10, 0.00833584569058241, 6.491251755558947e-11, 1.9323089088318674e-10, 2.2182224893591773e-09]
[0.0022786386832761795, 9.128178219592158e-09, 4.47641081085379e-10, 1.6609924554870036e-09, 2.249438469549818e-09]
[4.428173524835173e-10, 0.0009801683349156972, 1.2664687481111323e-09, 1.63428531621744e-09, 1.0288119460603332e-09]
[2.503393389396725e-10, 9.128195848146311e-09, 4.47641081085379e-10, 1.6613705470091506e-09, 2.4012567492108133e-09]
[0.002876881411806996, 9.124831485443039e-09, 1.2938154671423663e-09, 1.6314797019697368e-09, 1.0550921348673831e-09]
[0.003484750742650419, 9.128203909272309e-09, 1.0337438094091035e-09, 1.901564744298853e-10, 2.3715535914744976e-09]
[2.8800114213989577e-10, 9.128195848146311e-09, 4.47641081085379e-10, 1.6613705470091506e-09, 2.4012538843304817e-09]
[4.1562510233142885e-10, 0.0017496908530047351, 2.870821893308778e-09, 4.1857548062290685e-11, 8.253330758335574e-10]
[1.511324910631088e-10, 9.128210917405252e-09, 4.47641081085379e-10, 1.1945921833852841e-09, 2.4012567492108133e-09]
[4.1548485841945827e-10, 9.123076223404704e-09, 1.2664687481111323e-09, 4.916829193327658e-10, 8.256793073203236e-10]
[2.517321962664932e-10, 0.0072258192810008386, 2.713434054598427e-11, 1.6613705470091506e-09, 2.212936190406156e-09]
[0.1191750193761845, 9.128203909272309e-09, 9.90412601418641e-10, 2.680851861718155e-10, 2.5904444247878585e-09]

non_dom_solutions_y:
[2.60714987e-03 2.30264773e-01 5.86757558e+00]
[0.07318625 0.26212989 5.65511261]
[1.37298168e-03 2.36444759e-01 5.69688231e+00]
[0.07924514 0.26290935 5.5488836 ]
[0.01201896 0.26290935 5.66830226]
[4.27550514e-11 1.97417835e-07 6.00000456e+00]
[1.66761619e-09 2.39417016e-09 6.00000011e+00]
[1.66761619e-09 2.39417016e-09 6.00000011e+00]
[6.28332022e-02 2.43799918e-09 5.90209731e+00]
[0.0070032  0.01863088 5.97064947]
[6.77635730e-03 8.82988375e-09 5.99279124e+00]
[4.42070527e-10 9.11431028e-09 6.00000010e+00]
[1.93034418e-01 9.12820391e-09 5.61986125e+00]
[1.67911837e-09 3.94316616e-02 5.94624927e+00]
[1.66761619e-09 4.23662698e-02 5.94116323e+00]
[8.57697677e-03 8.88708380e-09 5.99073053e+00]
[4.65230362e-10 8.88708380e-09 6.00000007e+00]
[4.47414471e-10 8.88708380e-09 6.00000009e+00]
[4.65230362e-10 2.45267791e-09 6.00000008e+00]
[1.66761619e-09 8.88569433e-09 6.00000007e+00]
[4.47615534e-10 9.12304871e-09 6.00000007e+00]
[2.83652810e-02 9.13793620e-09 5.96414173e+00]
[2.57276875e-03 6.73025539e-09 5.99736493e+00]
[4.15484858e-10 9.12483149e-09 6.00000001e+00]
[9.78351283e-03 9.12306729e-09 5.98931572e+00]
[7.27329453e-03 9.12820391e-09 5.99222857e+00]
[4.98601127e-03 8.88569433e-09 5.99477983e+00]
[4.47615534e-10 9.12306729e-09 6.00000002e+00]
[3.06898152e-04 8.88610151e-09 5.99969228e+00]
[2.08358842e-03 9.12483149e-09 5.99787553e+00]
[1.08525883e-03 8.87691492e-09 5.99890371e+00]
[4.47615534e-10 8.33584569e-03 5.99100996e+00]
[2.27863868e-03 9.12817822e-09 5.99767246e+00]
[4.42817352e-10 9.80168335e-04 5.99901081e+00]
[2.50339339e-10 9.12819585e-09 6.00000003e+00]
[2.87688141e-03 9.12483149e-09 5.99704515e+00]
[3.48475074e-03 9.12820391e-09 5.99640084e+00]
[2.88001142e-10 9.12819585e-09 6.00000003e+00]
[4.15625102e-10 1.74969085e-03 5.99822149e+00]
[1.51132491e-10 9.12821092e-09 6.00000003e+00]
[4.15484858e-10 9.12307622e-09 6.00000001e+00]
[2.51732196e-10 7.22581928e-03 5.99228250e+00]
[1.19175019e-01 9.12820391e-09 5.77339001e+00]
