1.2978110958307199
1.2978110958307199
1.2978110958307199
1.2978110958307199
1.2978110958307199
1.2978110958307199
1.2978110958307199
1.2978110958307199
1.2978110958307199
1.2978110958307199
1.2978110958307199
1.2978110958307199
1.2978110958307199
1.2978110958307199
1.2978110958307199
1.2978110958307199
1.2978110958307199
1.2978110958307199
1.2978110958307199
1.2978110958307199
1.2978110958307199
1.2978110958307199
1.2978110958307199
1.2978110958307199
1.2978110958307199
1.2978110958307199
1.2978110958307199
1.2978110958307199
1.2978110958307199
1.2978110958307199
1.2978110958307199
1.2978110958307199
1.2978110958307199
1.2978110958307199
1.2978110958307199
1.2978110958307199
1.2978110958307199
1.2978110958307199
1.2978110958307199
1.2978110958307199
1.2978110958307199
1.2978110958307199
1.2978110958307199
1.2978110958307199
1.2978110958307199
1.2978110958307199
1.2978110958307199
1.2978110958307199
1.2978110958307199
1.2978110958307199
1.2978110958307199
1.2978110958307199
1.2978110958307199
1.2978110958307199
1.2978110958307199
1.2978110958307199
1.1942414912444133
1.1942414912444133
1.1942414912444133
1.159714017721219
1.159714017721219
1.0970709733532342
1.0127118211379513
0.9429426959641501
0.8910763288868172
0.883392505009469
0.883392505009469
0.883392505009469
0.8845977299718943
0.8832360026900826
0.8829429404603861
0.8829428880063173
0.8833030959695016
0.8833851528967214
0.8833867953403497
0.8833867876184677
0.8833867874752875
0.8833867847944925
0.8677768270665146
0.8677768267852468
0.8677768262896944
0.8677768261430573
0.8677731104134982
0.8677731103838046
0.8677731102831001
0.8677731102659972
0.8677706451367841
0.8677706451367841
0.8677706268171663
0.8677706023564885
0.8452749958627905
0.7891023626640341
0.7891023626640341
0.7891023626550205
0.7891023626550205
0.7891023626550205
0.7891023626550205
0.7891023626550205
0.7891023626550205
0.7891023555558251
0.7887883095965519
0.784799423170434
0.784799423170434
0.784799423170434
0.784799423170434
0.784799423170434
0.784799423170434
0.7847993628673406
0.7847993628673406
0.7847993628673406
0.7847993628673406
0.7847993520134927
0.7847993520134927
0.7847993520089169
0.7847993520076338
0.7847993520076338
0.7847993520076338
0.7847993520076338
0.7847993520076338
0.7847993520076338
0.7847993520076338
0.7847993520076338
0.7847993520076338
0.7847993519745327
0.7847993519745327
0.7847993519745327
0.7847993519745327
0.7847993519745327
0.7847993519745327
0.7847993519745327
0.7847993519745327
0.7847993519745327
0.7847993519745327
0.7847993519745327
0.7847993519745327
0.7847993519745327
0.7847993519745327
0.7847993519745327
0.7847993519745327
0.7847993519745327
0.7847993519745327
0.7847993519745327
0.7847993519745327
0.7847993519745327
0.7847993519745327
0.7847993519745327
0.7847993519745327
0.7847993519745327
0.7847992456662927
0.7847992456662927
0.7847992456662927
0.7847992456662927
0.7847992456662927
0.7847948983315466
0.784784464246493
0.784784464246493
0.784784464246493
0.784784464246493
0.784784464246493
0.784784464246493
0.7847844642458579
0.7847844642458579
0.7847844642458579
0.7847844642458579
0.7847844642458579
0.7847844642458579
0.7847844642458579
0.7847844642458579
0.784784177771235
0.784784177771235
0.784784177771235
0.7847841775158726
0.7847841775158726
0.7847841775158726
0.7847841775158726
0.7847841775158726
0.7847841775158726
0.7847841775158726
0.7847841775158726
0.7847841775158726
0.7847841775158726
0.7847840765181266
0.7847840765181266
0.7847840765181266
0.7847840765181266
0.7847840765181266
0.7788397603308337
0.7788397603308337
0.7788397603308337
0.7788397603305576
0.7788397603305576
0.7788397603305576
0.7788397603305576
0.7788397603305576
0.7788397603305576
0.7788397603305576
0.7788397603305576
0.7788397603305576
0.7788397603305576
0.7788397603305576
0.7788371092508714
0.7788371092508714
0.7788371092508714
0.7787302574021827
0.778730257400909
0.778730257400909
0.778730257400909
0.778730257400909
0.778730257400909
0.778730257400909
0.778730257400909
0.778730257400909
0.778730257400909
0.778730257400909
0.778730257400909
0.778730257400909
0.778730257400909
0.778730257400909
0.778730257400909
0.7787276771414102
0.7787276771414102
0.7787276771414102
0.7787276771414102
0.7787276771414102
0.7787276771414102
0.7787276771414102
0.7787276771414102
0.7787276771414102
0.7787276771414102
0.7787276771414102
0.7787276751716815
0.7787276751716815
0.7787276751716815
0.7787276751716815
0.7787276751716815
0.7787276751716815
0.7787276751716815
0.7787276751716815
0.7787276751716815
0.7787276751716815
0.7787272382180606
0.7787272382180606
0.7787272382178669
0.7787272382178669
0.7787272382178669
0.7787272374188832
0.7745898838317585
0.7745898838317585
0.7745898838317585
0.7745898838317585
0.7745898838317585
0.7745898838317585
0.7745898838317585
0.7745898838317585
0.7745898838317585
0.7745898838317585
0.7745898838317585
0.7745898838317585
0.7745898838317585
0.7745898838317585
0.7745898838317585
0.7745898838317585
0.7745898838317585
0.7745898838317585
0.7745898838317585
0.7745898838317585
0.7745898838317585
0.7745898838317585
0.7745898838317585
0.7745898838317585
0.7745898838317585
0.7745898838317585
0.7745898838317585
0.7745898838317585
0.7745898838317585
0.7745844771929601
0.7745844771929601
0.7745844771929601
0.7745844771929601
0.7745844771929601
0.7745844771924559
0.7745844771924559
0.7745844771924559
0.7745844771924559
0.7745844771924559
0.7745844771924559
0.7745844771924559
0.7745844771924559
0.7745844771924559
0.7745844659179938
0.7745844659179938
0.7669097569703791
0.7669097569703791
0.7669096308033553
0.7669096308033553
0.7669096138997772
0.7669096138997772
0.7669096138997772
0.7669096138997772
0.7669096138997772
