ID: 20231203182918_15164

Problem: dtlz7
Number of objects: 3
Number of variables: 5

Algorithm choice: 2
Algorithm phase strategy: global + local
First phase rate: 0.0
Population size: 15
Maximum number of function evaluations: 300

IGD: 0.7669096138997772
GD: 0.001784484825576345
HV: 0.3112640196394282
Time cost: 2036.2386229038239

non_dom_solutions:
[8.380481673149389e-06, 9.320664030005189e-05, 4.129602903440158e-06, 2.5258590828913796e-06, 1.2644215788282231e-07]
[1.9036788302784762e-06, 0.020039209841256334, 6.738295910405014e-07, 6.079010831026099e-07, 1.2644215788282231e-07]
[4.115789718962884e-08, 0.0046471267682100205, 1.0059965511018575e-06, 4.4578936355367843e-07, 1.2644215788282231e-07]
[5.680002446175526e-08, 0.012058461671669818, 8.931601972984289e-08, 2.425975700017274e-08, 4.204231379995266e-09]
[2.9138154567436512e-08, 0.012122423764988422, 3.862747422948861e-08, 7.113197699439338e-08, 2.3887850403895113e-07]
[0.0441556328686527, 3.0302450443502223e-05, 4.129602903440158e-06, 8.271839356153535e-07, 1.2644215788282231e-07]
[0.11820769064385973, 6.369179927261588e-10, 3.862747422948861e-08, 1.2405648971664348e-08, 1.0197500240461933e-08]
[2.941627236613185e-07, 0.0016872346577467682, 4.107394867178941e-06, 4.5647315327634885e-07, 1.2644215788282231e-07]
[3.581055417266658e-05, 1.3541866113643185e-07, 5.6338254857399e-07, 3.6096816035105866e-08, 9.669190026825487e-08]
[3.5549447600928745e-08, 0.022285573973175377, 5.220014476654241e-07, 3.6102195185936775e-08, 1.3125369383107856e-08]
[6.8730017625747715e-06, 0.04013829951729011, 1.3699212798172902e-07, 4.6152170740665355e-07, 1.2644215788282231e-07]
[2.5240263665521232e-09, 6.507918914883049e-06, 5.588936671331331e-07, 2.3293338622910045e-08, 1.2764664798907955e-07]
[3.5288809141864776e-05, 8.407651625138738e-07, 2.0759147719148475e-07, 4.6152170740665355e-07, 1.2644215788282231e-07]
[2.9028059686304054e-08, 0.0022582850567171076, 3.9951605030788624e-08, 2.3293338622910045e-08, 1.2778598963225495e-07]
[2.9138154567436512e-08, 0.005022485879554502, 1.5543049155823637e-09, 2.4273538858581796e-08, 9.624976822161043e-09]
[5.01031207787535e-07, 0.006824893621266838, 3.862747422948861e-08, 4.4578936355367843e-07, 1.2644215788282231e-07]
[2.9138154567436512e-08, 0.0008435064633034973, 2.1367734351214983e-09, 8.37109895676146e-09, 9.624976822161043e-09]
[2.9128148803956205e-08, 0.0014650955990107802, 1.3463067151273312e-09, 8.363307781557621e-08, 9.624145686693995e-09]
[3.995700289195144e-09, 1.3507237062146635e-07, 2.1367734351214983e-09, 6.467802325350039e-09, 9.676368526855264e-09]
[2.9138154567436512e-08, 0.001451264790645191, 3.862747422948861e-08, 5.110512214199949e-08, 1.0197500240461933e-08]
[3.995700289195144e-09, 0.00740650640930228, 2.0717251593182437e-08, 6.064780163072986e-09, 4.141168012207401e-09]
[3.915472699316248e-09, 3.1018008980390737e-10, 3.862327473417124e-08, 5.034459356861295e-10, 4.141168012207401e-09]
[3.995700289195144e-09, 0.00021574695908131635, 2.1367734351214983e-09, 6.467802325350039e-09, 9.676368526855264e-09]
[3.995700289195144e-09, 0.0006636350334549213, 3.016217644461519e-09, 6.4190875519293384e-09, 3.873145821951359e-09]
[4.1541698729572406e-09, 0.0001776611933431783, 2.1367734351214983e-09, 6.4153097434783014e-09, 9.592225604128577e-09]
[0.00024819593131373044, 3.1018008980390737e-10, 2.8336509034388912e-09, 4.959706178079331e-10, 4.141168012207401e-09]
[4.154641555058194e-09, 0.0030446022737892734, 2.1367734351214983e-09, 5.485396390970112e-09, 9.677074734389323e-09]
[0.0055313110071237605, 8.791770586091825e-09, 1.813472715592369e-09, 6.720200743441767e-09, 9.193512967364327e-09]
[0.015259714281654891, 7.952300282766521e-09, 3.002572286124353e-09, 6.4190875519293384e-09, 4.141168012207401e-09]
[3.995700289195144e-09, 0.0007454390849141314, 1.8073369716133302e-09, 2.2569558015667197e-09, 4.070915874604458e-09]
[3.995700289195144e-09, 0.0009709843263948049, 2.1227454042596932e-09, 6.468445682017578e-09, 4.141168012207401e-09]
[0.003742725740848322, 7.940481538705447e-09, 2.1367734351214983e-09, 6.467802325350039e-09, 2.218415253929038e-09]
[4.004881696521256e-09, 0.0030556451827084548, 2.1367734351214983e-09, 6.467802325350039e-09, 9.676368526855264e-09]
[2.5404354916388333e-09, 0.00046257620010264574, 2.1367734351214983e-09, 6.467802325350039e-09, 9.676472849913645e-09]
[4.556291586513845e-09, 0.0009221585273654757, 2.1367734351214983e-09, 6.467802325350039e-09, 9.677088980839708e-09]
[3.995700289195144e-09, 0.0028546261014356527, 2.1367734351214983e-09, 6.467802325350039e-09, 9.676368526855264e-09]
[4.5610055081694015e-09, 0.001972449063583567, 2.1367734351214983e-09, 6.467802325350039e-09, 9.677074734389323e-09]
[3.995700289195144e-09, 0.0012431679735349036, 2.1237706507611586e-09, 6.467802325350039e-09, 9.677766063478498e-09]
[3.995700289195144e-09, 0.0008538528730978175, 3.1699296064412607e-09, 6.467802325350039e-09, 9.965064636722802e-09]
[3.995700289195144e-09, 0.010182908665897954, 2.9996537735475594e-09, 6.4188447731166595e-09, 4.065399420091331e-09]
[3.995700289195144e-09, 0.0008580189322903365, 2.1345244070644657e-09, 6.4681143792854326e-09, 4.141168012207401e-09]
[3.995700289195144e-09, 0.005579148381502804, 2.1367734351214983e-09, 6.467802325350039e-09, 9.676368526855264e-09]
[4.151139654295426e-09, 0.0052230406020953605, 2.1367734351214983e-09, 9.423428421172504e-10, 9.676368526855264e-09]
[1.977080018256901e-09, 0.00014352607987609092, 2.146152401132324e-09, 2.94909688910709e-09, 4.006227050199301e-09]
[6.022094026469291e-10, 0.0027939196345354773, 2.1367734351214983e-09, 6.467802325350039e-09, 9.676368526855264e-09]
[3.995700289195144e-09, 0.009141450264591008, 3.758472337541774e-11, 6.467802325350039e-09, 9.676368526855264e-09]
[0.014265554503051735, 7.953894745435004e-09, 2.1367734351214983e-09, 6.467802325350039e-09, 9.615546605822942e-09]
[3.998139881916496e-09, 0.008060159236216665, 2.1367734351214983e-09, 6.467802325350039e-09, 9.677074734389323e-09]
[3.995700289195144e-09, 0.05631767401648584, 3.016217644461519e-09, 8.928759970300133e-10, 4.141168012207401e-09]
[4.005457873206171e-09, 0.0074645091792782635, 7.157049500135747e-10, 6.467802325350039e-09, 9.675227971416326e-09]
[4.56362420782384e-09, 0.0035784171227138, 2.1367734351214983e-09, 6.467802325350039e-09, 9.677596309075431e-09]
[4.5610055081694015e-09, 0.0024216871769508455, 2.1367734351214983e-09, 6.467802325350039e-09, 9.677074734389323e-09]
[4.5860628223775805e-09, 0.004407123745740749, 2.1319277286548584e-09, 6.467802325350039e-09, 1.6118601157380193e-09]
[0.01800343361037508, 2.927556898466226e-09, 3.0391823883220434e-09, 2.94909688910709e-09, 4.250273057472374e-09]
[0.0627438642237176, 7.902240884505065e-09, 3.039435644054956e-09, 6.46632160864928e-09, 7.730596377801078e-09]
[4.5610055081694015e-09, 7.872968417383846e-09, 1.039520794306702e-10, 2.9699008397331018e-09, 1.5257001980776433e-09]
[5.286630763164785e-10, 0.008452964933138777, 1.6891360827835407e-09, 2.94909688910709e-09, 4.250273057472374e-09]
[4.4984112407251004e-09, 0.002235212875691377, 1.8252738969817117e-09, 2.957033063053985e-09, 1.6022033236206028e-09]
[0.0009868814559640024, 7.90011274937798e-09, 4.025150045882153e-09, 2.94909688910709e-09, 3.923548743202208e-09]
[4.448968561055897e-09, 2.0289289191769682e-10, 3.0089589511380984e-09, 2.1598307685183153e-10, 4.131564597868354e-09]
[4.5860628223775805e-09, 0.03555824813362865, 3.0465060050249754e-09, 6.467802325350039e-09, 4.136429140591044e-09]
[3.981739466770461e-09, 0.004019171294443018, 8.438883306647032e-11, 2.934497688853651e-09, 4.2207229734451015e-09]
[2.1385990468954767e-09, 0.00028717188904216803, 2.135319144374384e-09, 6.132500730519323e-10, 4.323633616041616e-09]
[3.981739466770461e-09, 0.010457691748953522, 8.454964931555881e-10, 2.9360994350247487e-09, 1.5662071010460175e-09]
[5.286630763164785e-10, 0.0020747870077624767, 1.8489855258580817e-09, 6.1172625888970405e-09, 4.18114926185944e-09]
[4.5660278546355995e-09, 0.007403642114702931, 2.1352728339737544e-09, 6.420519626957797e-09, 4.2653898654507295e-09]
[4.714997591377379e-10, 0.016132681503771795, 5.798211924883066e-10, 6.542109528732205e-09, 1.524650783168913e-09]
[3.9627229902769575e-09, 2.154154063926914e-09, 1.5333232131576096e-10, 2.9699008397331018e-09, 1.5257001980776433e-09]
[3.995622240144996e-09, 7.928102849065422e-09, 1.5333232131576096e-10, 2.9699008397331018e-09, 1.52432632013431e-09]
[0.015346327614677874, 7.928102849065422e-09, 1.5333232131576096e-10, 2.9699008397331018e-09, 1.5251387422224862e-09]
[0.09215492762572577, 0.030623496719317432, 2.138493898255253e-09, 6.467802325350039e-09, 1.1798725761943768e-09]
[1.1463065771805537e-09, 0.0025716372726885066, 3.0375654589006694e-09, 2.9699008397331018e-09, 4.316829591735462e-09]
[5.54708258258213e-10, 0.0038238261199366693, 1.8488051657103358e-09, 2.7166654683496165e-09, 4.250273057472374e-09]
[4.561387413535829e-09, 0.0007866595208708885, 1.4115912490711838e-09, 6.467802325350039e-09, 1.1490689298094193e-09]
[4.572205571180406e-09, 0.0022308643625382563, 2.15065089605875e-09, 2.9699008397331018e-09, 1.5250477789345511e-09]
[1.0882126465853094e-10, 6.696879131541174e-10, 0.0025463558195139924, 6.501508461669192e-10, 4.121532650305249e-09]
[4.608530031305422e-09, 0.0065503649651742395, 2.1355751924027534e-09, 6.467802325350039e-09, 1.5385183510492166e-09]
[4.5619159301198855e-09, 0.0016961745260505783, 2.1367734351214983e-09, 6.467802325350039e-09, 1.5386875794021608e-09]
[4.804033879646674e-10, 0.0004320159829638113, 1.8488051657103358e-09, 2.9701087164901e-09, 4.250273057472374e-09]
[2.8783871586300526e-10, 0.008548924900349596, 3.0089589511380984e-09, 6.677452609502303e-09, 4.121532650305249e-09]
[4.56098446551972e-09, 0.0007545095355180458, 2.136724249407707e-09, 6.467802325350039e-09, 1.5385183510492166e-09]
[4.561387413535829e-09, 0.0013489631052790185, 2.138493898255253e-09, 6.467802325350039e-09, 1.1490689298094193e-09]
[4.56191357128375e-09, 0.0006040897617961217, 2.136723892553627e-09, 6.470838630709605e-09, 1.525118820668562e-09]
[4.5660278546355995e-09, 0.003167041386956854, 2.1353200558308057e-09, 6.572312790907149e-09, 4.259452365175084e-09]
[4.748151177815527e-10, 0.0022133698153179804, 1.052678628171995e-09, 2.96966510062095e-09, 1.5225412394603033e-09]
[4.545412019705614e-09, 0.0009787300032515682, 2.138493898255253e-09, 6.448258897220456e-09, 1.1490689298094193e-09]
[0.00021063885367926527, 7.873514935028625e-09, 1.3960279996755082e-10, 3.0488313454815153e-09, 4.219830171727445e-09]
[1.7226251691008134e-10, 1.6434066854332592e-09, 3.0089589511380984e-09, 5.091786885175116e-11, 4.121532650305249e-09]
[4.5610055081694015e-09, 7.949561580611834e-09, 9.204737998221957e-11, 2.9871698760023234e-09, 1.5251106712704196e-09]
[2.8783871586300526e-10, 0.001368035022815847, 4.450023485521944e-10, 6.501508461669192e-10, 8.176706501498786e-10]
[3.966451895686267e-09, 0.00059958218461788, 9.204737998221957e-11, 2.9871698760023234e-09, 1.5257088455112134e-09]
[4.5610055081694015e-09, 0.01340636180952206, 1.0390805057715195e-10, 1.345899983426606e-09, 1.5250946127869984e-09]
[4.5610055081694015e-09, 0.0065875160943434105, 6.72775190453942e-11, 2.9699008397331018e-09, 1.5257001980776433e-09]
[2.1471771549859212e-10, 0.0004980085938647118, 2.8653231476848e-09, 2.130296281638076e-09, 1.1675693856910744e-09]
[0.024625742791021726, 4.526419402880546e-09, 2.977861099430049e-09, 6.336019996492049e-10, 4.121532650305249e-09]
[4.68382422130137e-09, 0.0014915644680057066, 2.8550688072785274e-09, 2.9871698760023234e-09, 4.146958544372048e-09]
[3.9627229902769575e-09, 0.004275825512245946, 1.5219646775640692e-10, 6.439362518222878e-09, 1.5388613098509227e-09]
[4.674024423027101e-09, 3.435192756741193e-09, 2.83509527769025e-11, 5.091786885175116e-11, 1.5794715935077801e-09]
[4.448968561055897e-09, 0.0013644665401632788, 3.0089589511380984e-09, 2.1598307685183153e-10, 4.131564597868354e-09]
[4.560350000597969e-09, 7.949710672265556e-09, 8.368373687081087e-11, 2.9871698760023234e-09, 1.4074873157703901e-09]
[2.1268890717909317e-11, 0.0010307945316751469, 4.811952377992854e-11, 6.501508461669192e-10, 4.214216680135933e-09]
[3.0393552993440316e-10, 7.953694829391512e-09, 7.568624247912314e-11, 3.666959767468217e-09, 1.5385183510492166e-09]
[2.8708756102746397e-10, 0.00460161176748853, 1.1836925154638814e-10, 2.9699008397331018e-09, 1.5257001980776433e-09]
[4.147364243894292e-09, 0.03936259952193157, 8.351782894154481e-11, 2.9871698760023234e-09, 1.4098951739514987e-09]
[3.995622240144996e-09, 0.012724456462613673, 4.8696576802401524e-11, 2.9699008397331018e-09, 1.5243424692239823e-09]
[0.1315369242072822, 7.871113826079717e-09, 1.039520794306702e-10, 2.9699008397331018e-09, 1.5257001980776433e-09]
[2.740480030616375e-09, 0.015214770704732235, 2.1353200558308057e-09, 6.326064108016156e-10, 4.236004807993871e-09]
[4.4754927958092245e-09, 0.005039412204442192, 5.120604683074336e-11, 6.467802325350039e-09, 1.5385183510492166e-09]
[4.5660278546355995e-09, 0.036934576536084035, 2.133452444094584e-10, 2.9934600889117586e-09, 4.256732564406207e-09]
[3.3901597075131795e-09, 7.445134871140414e-09, 2.1353200558308057e-09, 5.864672656681653e-10, 4.260690008337054e-09]
[2.4833788216323494e-11, 7.954209458820053e-09, 1.6059167867422552e-10, 3.666959767468217e-09, 1.4667930539678036e-09]

non_dom_solutions_y:
[8.38048167e-06 9.32066403e-05 5.99995937e+00]
[1.90367883e-06 2.00392098e-02 5.97620931e+00]
[4.11578972e-08 4.64712677e-03 5.99516357e+00]
[5.68000245e-08 1.20584617e-02 5.98657507e+00]
[2.91381546e-08 1.21224238e-02 5.98649870e+00]
[4.41556329e-02 3.03024504e-05 5.93800996e+00]
[1.18207691e-01 6.36917993e-10 5.77570075e+00]
[2.94162724e-07 1.68723466e-03 5.99832786e+00]
[3.58105542e-05 1.35418661e-07 5.99997031e+00]
[3.55494476e-08 2.22855740e-02 5.97307309e+00]
[6.87300176e-06 4.01382995e-02 5.94503683e+00]
[2.52402637e-09 6.50791891e-06 5.99999988e+00]
[3.52888091e-05 8.40765163e-07 5.99997102e+00]
[2.90280597e-08 2.25828506e-03 5.99769534e+00]
[2.91381546e-08 5.02248588e-03 5.99474015e+00]
[5.01031208e-07 6.82489362e-03 5.99274141e+00]
[2.91381546e-08 8.43506463e-04 5.99914994e+00]
[2.91281488e-08 1.46509560e-03 5.99851550e+00]
[3.99570029e-09 1.35072371e-07 6.00000003e+00]
[2.91381546e-08 1.45126479e-03 5.99852976e+00]
[3.99570029e-09 7.40650641e-03 5.99207718e+00]
[3.91547270e-09 3.10180090e-10 6.00000039e+00]
[3.99570029e-09 2.15746959e-04 5.99978397e+00]
[3.99570029e-09 6.63635033e-04 5.99933233e+00]
[4.15416987e-09 1.77661193e-04 5.99982220e+00]
[2.48195931e-04 3.10180090e-10 5.99975129e+00]
[4.15464156e-09 3.04460227e-03 5.99686820e+00]
[5.53131101e-03 8.79177059e-09 5.99418062e+00]
[1.52597143e-02 7.95230028e-09 5.98255331e+00]
[3.99570029e-09 7.45439085e-04 5.99924939e+00]
[3.99570029e-09 9.70984326e-04 5.99902024e+00]
[3.74272574e-03 7.94048154e-09 5.99612537e+00]
[4.00488170e-09 3.05564518e-03 5.99685653e+00]
[2.54043549e-09 4.62576200e-04 5.99953557e+00]
[4.55629159e-09 9.22158527e-04 5.99906999e+00]
[3.99570029e-09 2.85462610e-03 5.99706874e+00]
[4.56100551e-09 1.97244906e-03 5.99799105e+00]
[3.99570029e-09 1.24316797e-03 5.99874243e+00]
[3.99570029e-09 8.53852873e-04 5.99913945e+00]
[3.99570029e-09 1.01829087e-02 5.98884144e+00]
[3.99570029e-09 8.58018932e-04 5.99913515e+00]
[3.99570029e-09 5.57914838e-03 5.99412778e+00]
[4.15113965e-09 5.22304060e-03 5.99452006e+00]
[1.97708002e-09 1.43526080e-04 5.99985636e+00]
[6.02209403e-10 2.79391963e-03 5.99713268e+00]
[3.99570029e-09 9.14145026e-03 5.99007207e+00]
[1.42655545e-02 7.95389475e-09 5.98382238e+00]
[3.99813988e-09 8.06015924e-03 5.99132830e+00]
[3.99570029e-09 5.63176740e-02 5.91517396e+00]
[4.00545787e-09 7.46450918e-03 5.99201093e+00]
[4.56362421e-09 3.57841712e-03 5.99630108e+00]
[4.56100551e-09 2.42168718e-03 5.99752321e+00]
[4.58606282e-09 4.40712375e-03 5.99540996e+00]
[1.80034336e-02 2.92755690e-09 5.97895650e+00]
[6.27438642e-02 7.90224088e-09 5.90227785e+00]
[4.56100551e-09 7.87296842e-09 6.00000003e+00]
[5.28663076e-10 8.45296493e-03 5.99087440e+00]
[4.49841124e-09 2.23521288e-03 5.99771776e+00]
[9.86881456e-04 7.90011275e-09 5.99900403e+00]
[4.44896856e-09 2.02892892e-10 6.00000006e+00]
[4.58606282e-09 3.55582481e-02 5.95274710e+00]
[3.98173947e-09 4.01917129e-03 5.99582868e+00]
[2.13859905e-09 2.87171889e-04 5.99971211e+00]
[3.98173947e-09 1.04576917e-02 5.98851330e+00]
[5.28663076e-10 2.07478701e-03 5.99788475e+00]
[4.56602785e-09 7.40364211e-03 5.99208028e+00]
[4.71499759e-10 1.61326815e-02 5.98142391e+00]
[3.96272299e-09 2.15415406e-09 6.00000004e+00]
[3.99562224e-09 7.92810285e-09 6.00000003e+00]
[1.53463276e-02 7.92810285e-09 5.98244181e+00]
[0.09215493 0.0306235  5.79815549]
[1.14630658e-09 2.57163727e-03 5.99736613e+00]
[5.54708258e-10 3.82382612e-03 5.99603848e+00]
[4.56138741e-09 7.86659521e-04 5.99920758e+00]
[4.57220557e-09 2.23086436e-03 5.99772229e+00]
[1.08821265e-10 6.69687913e-10 6.02291724e+00]
[4.60853003e-09 6.55036497e-03 5.99304559e+00]
[4.56191593e-09 1.69617453e-03 5.99827680e+00]
[4.80403388e-10 4.32015983e-04 5.99956631e+00]
[2.87838716e-10 8.54892490e-03 5.99076314e+00]
[4.56098447e-09 7.54509536e-04 5.99924021e+00]
[4.56138741e-09 1.34896311e-03 5.99863397e+00]
[4.56191357e-09 6.04089762e-04 5.99939256e+00]
[4.56602785e-09 3.16704139e-03 5.99673855e+00]
[4.74815118e-10 2.21336982e-03 5.99774051e+00]
[4.54541202e-09 9.78730003e-04 5.99901233e+00]
[2.10638854e-04 7.87351494e-09 5.99978900e+00]
[1.72262517e-10 1.64340669e-09 6.00000006e+00]
[4.56100551e-09 7.94956158e-09 6.00000003e+00]
[2.87838716e-10 1.36803502e-03 5.99861434e+00]
[3.96645190e-09 5.99582185e-04 5.99939707e+00]
[4.56100551e-09 1.34063618e-02 5.98490424e+00]
[4.56100551e-09 6.58751609e-03 5.99300379e+00]
[2.14717715e-10 4.98008594e-04 5.99949971e+00]
[2.46257428e-02 4.52641940e-09 5.96971005e+00]
[4.68382422e-09 1.49156447e-03 5.99848755e+00]
[3.96272299e-09 4.27582551e-03 5.99555198e+00]
[4.67402442e-09 3.43519276e-09 6.00000001e+00]
[4.44896856e-09 1.36446654e-03 5.99861805e+00]
[4.56035000e-09 7.94971067e-09 6.00000003e+00]
[2.12688907e-11 1.03079453e-03 5.99895924e+00]
[3.03935530e-10 7.95369483e-09 6.00000004e+00]
[2.87087561e-10 4.60161177e-03 5.99519892e+00]
[4.14736424e-09 3.93625995e-02 5.94636722e+00]
[3.99562224e-09 1.27244565e-02 5.98575325e+00]
[1.31536924e-01 7.87111383e-09 5.74407014e+00]
[2.74048003e-09 1.52147707e-02 5.98261102e+00]
[4.4754928e-09 5.0394122e-03 5.9947214e+00]
[4.56602785e-09 3.69345765e-02 5.95046664e+00]
[3.39015971e-09 7.44513487e-09 6.00000005e+00]
[2.48337882e-11 7.95420946e-09 6.00000004e+00]
