0.6251137406237477
0.6251137406237477
0.6251137406237477
0.6251137406237477
0.6251137406237477
0.6251137406237477
0.6251137406237477
0.6251137406237477
0.6251137406237477
0.6251137406237477
0.6251137406237477
0.6251137406237477
0.6251137406237477
0.6251137406237477
0.6251137406237477
0.6251137406237477
0.6251137406237477
0.6251137406237477
0.6251137406237477
0.6251137406237477
0.6251137406237477
0.6251137406237477
0.6251137406237477
0.6251137406237477
0.6251137406237477
0.6251137406237477
0.6251137406237477
0.6251137406237477
0.6251137406237477
0.6251137406237477
0.6251137406237477
0.6251137406237477
0.6251439230104485
0.5156657047863975
0.5156657047863975
0.5133984107377463
0.5036024041072796
0.40701866817968096
0.3966043762117654
0.39304954245591295
0.38771858596874137
0.38771858596874137
0.36355917015127587
0.3580963185096456
0.3509477025084661
0.3460323489028389
0.34543179265912405
0.34541334125374074
0.34539942228603054
0.3453994201010729
0.34540396457552097
0.34540396365425796
0.3454039635908675
0.3454039635581354
0.3454039635556478
0.34540396355152403
0.3454039635484588
0.3454039635484588
0.3454039635484588
0.3454039635484588
0.3454039635484588
0.3454039635484588
0.3454039635484588
0.3448889748164548
0.34444622733806723
0.34444622733806723
0.34444622733806723
0.34444622733806723
0.34444622733806723
0.34444622733806723
0.3378020918293711
0.3203882437699426
0.3203882437699426
0.2899938871518437
0.271910831493931
0.20842258621810655
0.2047852339891234
0.204738544243281
0.20356523334379914
0.20161282930486202
0.20100592109080984
0.20074363096022538
0.19986497234143671
0.19986497234143671
0.1841546305607984
0.1828631735944384
0.1828631735944384
0.1828631735944384
0.1828631735944384
0.18240367838284252
0.18240367838284252
0.18240109415776856
0.18214246081559965
0.18209452115321012
0.18209452115321012
0.18209421121781957
0.18209023776715383
0.18206577662952364
0.18206573492711212
0.18180537653433068
0.18180513837653398
0.18078087042122773
0.18018124571395377
0.17973907305263007
0.17120307944105295
0.17093511225942454
0.17093511225942454
0.15814966189925675
0.15814966189925675
0.1580826861737647
0.1544766765750036
0.1544766765750036
0.1544766765750036
0.15444571963938833
0.15444571963938833
0.1540986925041597
0.1540986925041597
0.1540986925041597
0.1540653277901684
0.15406262155304878
0.15239072564061315
0.15234966577346296
0.1489723137407734
0.14690625067338633
0.1464043727132354
0.14638956201982492
0.14638956201982492
0.14594500035168992
0.1458157370660443
0.14581431798914468
0.14581431798914468
0.14581431798914468
0.14579202339995678
0.14450474148126508
0.14450474148126508
0.1445028539394256
0.1444943818573433
0.1444943818573433
0.1444943818573433
0.1444943818573433
0.1444943818573433
0.1444943818573433
0.1444943818573433
0.14409533747231962
0.14407231753541858
0.14407231753541858
0.14407167189501027
0.14407167189501027
0.1440706584020436
0.14405923315892466
0.14405841461794167
0.14397760767858644
0.14396058205101797
0.14396058205101797
0.14393125545756974
0.14393080149673665
0.1438004847154053
0.14379947793123848
0.14378082824894664
0.14378082824894664
0.14378082824894664
0.1437802654013666
0.14378026540106792
0.14378026540106792
0.14378026540106792
0.14378026540106792
0.14378026540106792
0.14378026540106792
0.14363485187710776
0.14363059298395758
0.1436272668186922
0.14310456790515907
0.14310456790515907
0.14310411248910465
0.1431034943359124
0.1431034943359124
0.1431034943359124
0.14302421613382507
0.14302267414525668
0.13912150322867747
0.1383408946274156
0.1383408946274156
0.1383408946274156
0.1383408946274156
0.1383408946274156
0.13834079124186255
0.1383269711477679
0.1383269711477679
0.13821972649777736
0.13821972649777736
0.13821574377048274
0.13821574377048274
0.13821574377048274
0.13821574377048274
0.13821574377048274
0.13821574377048274
0.13793354749243195
0.13737302913508032
0.13511845020141583
0.13260880095768454
0.13179404694916583
0.13162827296040078
0.13162562726225502
0.13162562726225502
0.13159491533006126
0.13159491533006126
0.13159491533006126
0.13129311963338972
0.12789855813367107
0.12757561194949407
0.12693370032994383
0.12679439521291996
0.1267152984149955
0.1266953002652515
0.12663321536378416
0.1266185501240966
0.12661661175070973
0.12659221838347706
0.12659221838347706
0.12658892484995146
0.1265864240202439
0.12658476498491789
0.1265847594435794
0.12656894531373428
0.12656894531373428
0.12656894531373428
0.12656894531373428
0.12656894531373428
0.12656894531373428
0.12656894531373428
0.12652411406490388
0.12652411406490388
0.12652411406490388
0.1264302495266971
0.1264302495266971
0.12620262609360675
0.12619596106867317
0.12619596106867317
0.1261947898338474
0.12587018224931992
0.12586991888588608
0.12586926313685734
0.12586926313685734
0.1258692427099219
0.12586917103842024
0.12586917103842024
0.12585864677252448
0.1257683855994251
0.12571681980431595
0.12296235570687375
0.12296235570687375
0.12296235570687375
0.12296235570687375
0.12295903353608743
0.12295903353608743
0.12295903353608743
0.12295903353608743
0.12295903353608743
0.12295903353608743
0.12286007862956362
0.12286007862956362
0.12278358037702422
0.12278358037702422
0.12278358037702422
0.12278358037702422
0.12278358037702422
0.12278358037702422
0.12277379737741796
0.12277379737741796
0.12266822476239633
0.12266822476239633
0.12266822476239633
0.12266822476239633
0.12266822476239633
0.1226382846537412
0.12270339205206239
0.12270339205206239
0.12270339205206239
0.1220116840532782
0.1220116840532782
0.1220116840532782
0.12194291724743149
0.12194291724743149
0.12192835113297112
0.12192835113297112
0.12192835113297112
0.12190454695348817
0.12189734181414864
0.12189734181414864
0.12189734181414864
0.12189734181414864
0.12189734181414864
0.1217706947142521
0.1217706947142521
0.1217706947142521
0.1217706947142521
0.1217706947142521
0.12164193529854507
0.12164193529854507
0.12164193529854507
