ID: 20231203170353_7012

Problem: dtlz7
Number of objects: 3
Number of variables: 3

Algorithm choice: 2
Algorithm phase strategy: local + global
First phase rate: 0.25
Population size: 15
Maximum number of function evaluations: 300

IGD: 0.12164193529854507
GD: 0.016760684959619774
HV: 0.9957025154243752
Time cost: 1683.9350380897522

non_dom_solutions:
[0.8306715271765792, 0.845072206871208, 0.0037287145058258996]
[0.809121660155681, 0.8568799552745676, 0.0037287145058258996]
[0.41106773292834836, 0.00492161818212794, 0.002408330040254816]
[0.6626305275112672, 0.7927554546167009, 0.0008037862214123614]
[0.7421795731960373, 0.7485622725914759, 0.0008037862214123614]
[0.6626305275112672, 0.6854658218036875, 0.0008037862214123614]
[6.613487343536497e-07, 8.144409877507316e-06, 9.537112773165345e-08]
[2.465887166895988e-07, 7.98917846765898e-07, 4.47652188965774e-09]
[8.013855048384275e-08, 3.3804356656188676e-07, 4.47652188965774e-09]
[2.5186005088445238e-09, 7.276364378385012e-09, 1.7736496303163356e-09]
[2.5186005088445238e-09, 7.276364378385012e-09, 1.7736496303163356e-09]
[0.7803030572565565, 0.8495427444619832, 0.0007950167461386846]
[0.7660454993587442, 0.8440998299255076, 0.0007950167461386846]
[1.393004806012368e-08, 7.112509670805054e-09, 4.735077646316912e-10]
[1.3931996281331085e-08, 7.276364378385012e-09, 4.571853372361473e-11]
[0.6172086519965382, 0.8568437528653499, 0.0008037862214123614]
[0.08596439123932736, 0.8375396762600643, 4.571853372361473e-11]
[2.2200520017188575e-09, 0.36699059714884696, 2.391169755923536e-06]
[1.2711381080880403e-08, 0.3584518934142567, 2.391169755923536e-06]
[1.2711381080880403e-08, 0.7104610089566629, 2.391169755923536e-06]
[9.627798646592256e-09, 0.6471673850621875, 0.000821179208979303]
[1.0740464353704529e-08, 7.276364378385012e-09, 2.1742934439927086e-11]
[1.393004806012368e-08, 4.798844522448207e-09, 4.735077646316912e-10]
[1.393004806012368e-08, 2.0723842710938844e-10, 4.732254409719062e-10]
[1.3931996281331085e-08, 0.8756693139986507, 2.7568100696525504e-05]
[0.7803030572565565, 0.8502335741730401, 0.0005080165203574759]
[0.7875779098514337, 0.8101558358090707, 0.0005080165203574759]
[0.819605183227144, 0.8619277392998624, 7.440956626876332e-05]
[0.7860807241015262, 0.845072206871208, 0.0037287145058258996]
[0.7743438075486195, 0.8502141882732437, 4.571853372361473e-11]
[0.8080190756658057, 0.8375396762600643, 0.003861486052537823]
[0.784039124051021, 0.845072206871208, 0.0037287145058258996]
[0.7555378525098592, 0.8440998299255076, 0.0007950167461386846]
[0.7555378525098592, 0.8752884631493351, 2.6655319006075456e-05]
[0.04483157576648111, 0.826967046421165, 4.0677242967135856e-11]
[0.7555378525098592, 0.7399927246147693, 0.0007950167461386846]
[0.7660454993587442, 0.7945025780364324, 0.0002767884707386391]
[0.6033795617582971, 0.009712942123627721, 0.0007950167461386846]
[0.7775201731627428, 0.7758569644197002, 0.0007950167461386846]
[0.8397626220939982, 0.8619277392998624, 2.8597823409386164e-05]
[0.8238609396071505, 7.276364378385012e-09, 4.571853372361473e-11]
[0.7775201731627428, 0.8023236803169804, 0.000796693140778642]
[0.7832537701531092, 7.112509670805054e-09, 4.735077646316912e-10]
[0.7812183017254137, 0.7758569644197002, 7.585680292422495e-07]
[0.14826065759370582, 0.8881142972738132, 3.133888568528087e-05]
[0.8696169711202045, 0.7824443925903726, 2.6702303303330916e-05]
[0.08596439123932736, 0.7843217118595683, 1.953037097415161e-11]
[0.08952327196823029, 0.7598519393640459, 2.8597823409386164e-05]
[0.003304231372548927, 0.7481946960745729, 4.571853372361473e-11]
[0.7812183017254137, 0.7934186528690655, 7.585680292422495e-07]
[0.0029342163035485647, 0.7598674113188486, 4.571853372361473e-11]
[0.7884202587054825, 0.7892947148080166, 1.7100304921951458e-06]
[0.6806212048007315, 0.7452025896691099, 2.6655319006075456e-05]
[0.7665543733245045, 0.8671795033046461, 5.911877240455093e-05]
[0.13820967865189343, 0.8881142972738132, 4.84365315402641e-07]
[0.006416142998725394, 0.7478573401880885, 1.1378929150719728e-07]
[0.7614289990839441, 0.8671795033046461, 5.8500686873483884e-05]
[0.882935279168046, 6.5828716706809874e-09, 4.571853372361473e-11]
[0.7602600006436805, 7.276364378385012e-09, 3.6682746396031515e-08]
[0.8471009497685116, 7.276364378385012e-09, 3.805661723936519e-08]
[0.8679409324368345, 7.040934591608192e-09, 8.269826627588242e-12]
[0.8663313390258927, 0.8617093334531539, 1.3082101677122486e-08]
[0.21193287383962076, 0.8696555860857614, 3.816410992525649e-08]
[0.20935868232225036, 0.8671795033046461, 1.3857615888714753e-07]
[0.856724723993781, 0.8640865528628993, 7.240225916207825e-09]
[0.6619897301494718, 0.018923191158032426, 2.6046832799311876e-12]
[0.7120900989050032, 6.4195647471413796e-09, 3.9637525152536775e-10]
[0.20568793268584357, 0.8778645606703406, 1.1974472116748771e-08]
[0.7413535741686824, 0.7457812384646693, 3.770447009226561e-08]
[0.736988751235647, 6.4195647471413796e-09, 4.736537502092069e-10]
[0.8707787202192353, 0.8562880696001671, 6.510758129261182e-06]
[0.1700401897507216, 0.8649756685271986, 1.2496751850103858e-08]
[0.7939400449552025, 0.738783400425572, 4.3847313166083735e-09]
[0.17932806912044763, 0.7801199680460197, 1.84841170467283e-13]
[0.16030601382807652, 0.738783400425572, 4.243614490009577e-09]
[0.09586022028326852, 0.7363666151129679, 3.3851550747198037e-10]
[0.13250957950121317, 0.7363666151129679, 3.3851550747198037e-10]
[0.13250957950121317, 0.7363035525586236, 4.32771183391346e-09]
[0.882935279168046, 6.5828716706809874e-09, 4.571853372361473e-11]
[0.1432771476503838, 0.7363666151129679, 3.4342532478497924e-10]
[0.2027606393364173, 0.8797473701554599, 1.2496751850103858e-08]
[0.09963934326334592, 0.730851613078662, 1.2496751850103858e-08]
[0.1936083946866219, 0.6772706800608486, 1.1974472116748771e-08]
[0.2027606393364173, 0.6676905337556217, 1.2496751850103858e-08]
[0.14421428225661337, 0.6870963409183355, 1.246869748641306e-08]
[0.14421428225661337, 0.7090917282182764, 5.877422224657587e-10]
[0.15809241188636014, 0.7090917282182764, 5.877422224657587e-10]
[0.13640463773762973, 0.7225361434268871, 1.034521364668592e-12]
[0.8650439005439887, 0.8278833843191289, 1.9558755003151156e-09]
[0.1494569616065174, 0.7225361434268871, 7.596301472875228e-11]
[0.1494569616065174, 0.7240257515967137, 7.596301472875228e-11]
[0.1569433466589169, 0.7243719358590979, 1.9494495215663327e-09]
[0.855212113392053, 0.8673257706166615, 5.1311791869684236e-09]
[0.1569433466589169, 0.7266177558196817, 5.378905407535334e-10]
[0.1569433466589169, 0.729420557291705, 5.378905407535334e-10]
[0.14994717234253857, 0.729420557291705, 5.378905407535334e-10]
[0.1569433466589169, 0.726584038362247, 5.378905407535334e-10]
[0.160599717410412, 0.7281202105432881, 5.118579757402637e-09]
[0.19404820125025812, 0.8852172406125735, 1.2156308812669441e-08]
[0.160599717410412, 0.7281202105432881, 5.118579757402637e-09]
[0.160599717410412, 0.7281202105432881, 5.118579757402637e-09]
[0.16588118219423714, 0.725466198725568, 5.118579757402637e-09]
[0.16250020513742292, 0.7262246548755007, 1.0927223859880074e-10]
[0.160599717410412, 0.7279261921250337, 3.835777092807023e-11]
[0.17467840441195803, 0.7243447556159988, 1.7868718940128852e-09]
[0.19846971614666753, 0.7126875510803987, 1.2147005031005253e-08]
[0.1840362339271956, 0.7168918007608518, 3.1533000793456954e-10]
[0.18061807819471498, 0.7189580912764172, 4.41563714114671e-11]
[0.16552494766165843, 0.6105418274489819, 3.557418806607113e-11]
[0.17962618965720945, 0.7195177519769835, 4.41563714114671e-11]
[0.17687759021307642, 0.7204168285387575, 1.5244612854991152e-11]
[0.177593142429953, 0.7209203792344914, 1.1974472116748771e-08]
[0.17683510510506034, 0.7222082903885013, 1.1974472116748771e-08]
[0.17683510510506034, 0.7224677561837021, 1.0940082566182786e-09]
[0.17683510510506034, 0.7255452732652707, 1.0940082566182786e-09]
[0.21411666415407535, 0.8614713601433854, 1.2156308812669441e-08]
[0.1862123991933728, 0.7253801046153877, 2.6265811819810665e-12]
[0.005458240052320318, 0.33701376071534883, 2.6265811819810665e-12]
[0.816966276808167, 0.8615679119270067, 4.1444146244917074e-05]
[0.8247903071529769, 0.7757176602064293, 3.816410992525649e-08]
[0.79766896139483, 7.039899475194601e-09, 4.735077646316912e-10]
[0.20568793268584357, 0.8778645606703406, 1.1974472116748771e-08]
[0.001511300092168183, 0.7453830390654805, 4.694561101978033e-10]
[1.0740464353704529e-08, 0.001141225889447428, 2.219993404866165e-11]
[0.7184922598183126, 7.040934591608192e-09, 3.6917116626817665e-10]
[0.7531840907488851, 7.110522503795943e-09, 5.0511586082044335e-11]
[0.6828211115008715, 0.7214324638087065, 1.2496751850103858e-08]
[0.8489556645630703, 0.8706397017580316, 8.6865677349744e-10]
[0.7594459684550916, 0.7448311024648777, 5.583329983945663e-09]
[0.20598331892579336, 0.8776400416000142, 5.310032031501031e-09]
[0.8584318399102253, 7.276364378385012e-09, 2.1742934439927086e-11]
[0.7708444228531157, 6.4694379628111216e-09, 4.446377687545359e-11]
[0.8843899268094757, 0.772425444322821, 5.310032031501031e-09]
[0.8796873330348309, 7.039622635419096e-09, 1.1519047203566701e-11]
[0.04290133408742902, 0.7487021494200383, 7.62242279860754e-09]
[0.20323400578492842, 0.8797473701554599, 1.2695997695924876e-08]
[0.8663313390258927, 0.74814173315914, 5.573102341064421e-09]

non_dom_solutions_y:
[0.83067153 0.84507221 2.75461593]
[0.80912166 0.85687996 2.81066039]
[4.11067733e-01 4.92161818e-03 5.92374044e+00]
[0.66263053 0.79275545 3.85603142]
[0.74217957 0.74856227 3.52413808]
[0.66263053 0.68546582 4.57799113]
[6.61348734e-07 8.14440988e-06 5.99999377e+00]
[2.46588717e-07 7.98917847e-07 5.99999908e+00]
[8.01385505e-08 3.38043567e-07 5.99999970e+00]
[2.51860051e-09 7.27636438e-09 6.00000004e+00]
[2.51860051e-09 7.27636438e-09 6.00000004e+00]
[0.78030306 0.84954274 2.86711556]
[0.7660455  0.84409983 2.95446504]
[1.39300481e-08 7.11250967e-09 5.99999999e+00]
[1.39319963e-08 7.27636438e-09 5.99999998e+00]
[0.61720865 0.85684375 3.98914886]
[0.08596439 0.83753968 4.17733984]
[2.22005200e-09 3.66990597e-01 5.74754534e+00]
[1.27113811e-08 3.58451893e-01 5.72568100e+00]
[1.27113811e-08 7.10461009e-01 5.00461512e+00]
[9.62779865e-09 6.47167385e-01 5.49327019e+00]
[1.07404644e-08 7.27636438e-09 5.99999998e+00]
[1.39300481e-08 4.79884452e-09 5.99999999e+00]
[1.39300481e-08 2.07238427e-10 6.00000000e+00]
[1.39319963e-08 8.75669314e-01 4.31819202e+00]
[0.78030306 0.85023357 2.85885316]
[0.78757791 0.81015584 2.9096039 ]
[0.81960518 0.86192774 2.676905  ]
[0.78608072 0.84507221 2.92020894]
[0.77434381 0.85021419 2.87824374]
[0.80801908 0.83753968 2.83668844]
[0.78403912 0.84507221 2.93072226]
[0.75553785 0.84409983 3.02068018]
[0.75553785 0.87528846 3.00075623]
[0.04483158 0.82696705 4.28433851]
[0.75553785 0.73999272 3.49289517]
[0.7660455  0.79450258 3.08794009]
[0.60337956 0.00971294 5.7464172 ]
[0.77752017 0.77585696 3.13090257]
[0.83976262 0.86192774 2.63004372]
[8.23860940e-01 7.27636438e-09 4.35555905e+00]
[0.77752017 0.80232368 3.00095898]
[7.83253770e-01 7.11250967e-09 4.51912886e+00]
[0.7812183  0.77585696 3.08930287]
[0.14826066 0.8881143  4.04608494]
[0.86961697 0.78244439 2.8352331 ]
[0.08596439 0.78432171 4.3653171 ]
[0.08952327 0.75985194 4.49971168]
[3.30423137e-03 7.48194696e-01 4.72842242e+00]
[0.7812183  0.79341865 2.99858391]
[2.93421630e-03 7.59867411e-01 4.65223506e+00]
[0.78842026 0.78929471 2.9812176 ]
[0.6806212  0.74520259 3.98305736]
[0.76655437 0.8671795  2.92475214]
[0.13820968 0.8881143  4.06806973]
[0.00641614 0.74785734 4.72731288]
[0.761429   0.8671795  2.95636468]
[8.82935279e-01 6.58287167e-09 4.32886536e+00]
[7.60260001e-01 7.27636438e-09 4.65276484e+00]
[8.47100950e-01 7.27636438e-09 4.31292036e+00]
[8.67940932e-01 7.04093459e-09 4.30987873e+00]
[0.86633134 0.86170933 2.61611103]
[0.21193287 0.86965559 3.90628154]
[0.20935868 0.8671795  3.90739474]
[0.85672472 0.86408655 2.61515468]
[0.66198973 0.01892319 5.3449005 ]
[7.12090099e-01 6.41956475e-09 4.99228694e+00]
[0.20568793 0.87786456 3.92283685]
[0.74135357 0.74578124 3.52709322]
[7.36988751e-01 6.41956475e-09 4.80954001e+00]
[0.87077872 0.85628807 2.61966985]
[0.17004019 0.86497567 3.96823422]
[0.79394004 0.7387834  3.26307032]
[0.17932807 0.78011997 4.17845035]
[0.16030601 0.7387834  4.47653224]
[0.09586022 0.73636662 4.6428004 ]
[0.13250958 0.73636662 4.55574433]
[0.13250958 0.73630355 4.55619264]
[8.82935279e-01 6.58287167e-09 4.32886536e+00]
[0.14327715 0.73636662 4.53086916]
[0.20276064 0.87974737 3.92944198]
[0.09963934 0.73085161 4.67346108]
[0.19360839 0.67727068 4.87414674]
[0.20276064 0.66769053 4.93196472]
[0.14421428 0.68709634 4.89621111]
[0.14421428 0.70909173 4.72966327]
[0.15809241 0.70909173 4.69920613]
[0.13640464 0.72253614 4.64704728]
[0.8650439  0.82788338 2.65358365]
[0.14945696 0.72253614 4.61739378]
[0.14945696 0.72402575 4.60640384]
[0.15694335 0.72437194 4.58757924]
[0.85521211 0.86732577 2.6171724 ]
[0.15694335 0.72661776 4.57109569]
[0.15694335 0.72942056 4.55065686]
[0.14994717 0.72942056 4.56584847]
[0.15694335 0.72658404 4.57134249]
[0.16059972 0.72812021 4.55241155]
[0.1940482  0.88521724 3.95163762]
[0.16059972 0.72812021 4.55241155]
[0.16059972 0.72812021 4.55241155]
[0.16588118 0.7254662  4.56100689]
[0.16250021 0.72622465 4.56232734]
[0.16059972 0.72792619 4.55382628]
[0.1746784  0.72434476 4.55214836]
[0.19846972 0.71268755 4.5997051 ]
[0.18403623 0.7168918  4.59067957]
[0.18061808 0.71895809 4.58120751]
[0.16552495 0.61054183 5.36652128]
[0.17962619 0.71951775 4.57880707]
[0.17687759 0.72041683 4.57710555]
[0.17759314 0.72092038 4.57206158]
[0.17683511 0.72220829 4.56391125]
[0.17683511 0.72246776 4.56199272]
[0.17683511 0.72554527 4.53932546]
[0.21411666 0.86147136 3.89999647]
[0.1862124  0.7253801  4.52412242]
[5.45824005e-03 3.37013761e-01 5.66893506e+00]
[0.81696628 0.86156791 2.68407611]
[0.82479031 0.77571766 2.91324048]
[7.97668961e-01 7.03989948e-09 4.44930076e+00]
[0.20568793 0.87786456 3.92283685]
[1.51130009e-03 7.45383039e-01 4.74944505e+00]
[1.07404644e-08 1.14122589e-03 5.99884649e+00]
[7.18492260e-01 7.04093459e-09 4.94435307e+00]
[7.53184091e-01 7.11052250e-09 4.69849409e+00]
[0.68282111 0.72143246 4.13613116]
[0.84895566 0.8706397  2.62325933]
[0.75944597 0.7448311  3.41269252]
[0.20598332 0.87764004 3.92214716]
[8.58431840e-01 7.27636438e-09 4.30704126e+00]
[7.70844423e-01 6.46943796e-09 4.58817710e+00]
[0.88438993 0.77242544 2.91060977]
[8.79687333e-01 7.03962264e-09 4.32324748e+00]
[0.04290133 0.74870215 4.66862182]
[0.20323401 0.87974737 3.92882681]
[0.86633134 0.74814173 3.04108468]
