1.3398178177479692
1.3398178177479692
1.3398178177479692
1.3398178177479692
1.3398178177479692
1.3398178177479692
1.3398178177479692
1.3398178177479692
1.3398178177479692
1.3398178177479692
1.3398178177479692
1.3398178177479692
1.3398178177479692
1.3398178177479692
1.3398178177479692
1.3398178177479692
1.3398178177479692
1.3398178177479692
1.3398178177479692
1.3398178177479692
1.3398178177479692
1.3398178177479692
1.3398178177479692
1.3398178177479692
1.3398178177479692
1.3398178177479692
1.3398178177479692
1.3398178177479692
1.3398178177479692
1.3398178177479692
1.3398178177479692
1.3398178177479692
1.3398178177479692
1.3398178177479692
1.3398178177479692
1.3398178177479692
1.3398178177479692
1.3398178177479692
1.3398178177479692
1.3398178177479692
1.3398178177479692
1.3398178177479692
1.3398178177479692
1.3398178177479692
1.3398178177479692
1.3398178177479692
1.3398178177479692
1.3398178177479692
1.3398178177479692
1.3398178177479692
1.3398178177479692
1.3398178177479692
1.3398178177479692
1.3398178177479692
1.336682691330273
1.336682691330273
1.336682691330273
1.2963726834241411
1.2963726834241411
1.2963726834241411
1.2963726834241411
1.2963726834241411
1.2963726834241411
1.2963726834241411
1.2963726834241411
1.2963726834241411
1.2963726834241411
1.2963726834241411
1.2963726834241411
1.148945433888564
1.148945433888564
1.148886445083994
1.1261567648475206
1.1261567648475206
1.1261567648475206
1.1261567648475206
0.9810435007069614
0.9810435007069614
0.9810435007069614
0.9810435007069614
0.9804973590215708
0.9804973590215708
0.9804973590215708
0.9804973590215708
0.9804973590215708
0.9804973590215708
0.9804973590215708
0.9804973590215708
0.9804973590215708
0.9804973590215708
0.9804973590215708
0.9804973590215708
0.9804973590215708
0.9456085462019546
0.9456085462019546
0.9456085462019546
0.9456085462019546
0.9456085462019546
0.9456085462019546
0.9251295128998225
0.9251295128998225
0.9251295128998225
0.9251295128998225
0.9251295128998225
0.9251295128998225
0.9251295128998225
0.9251295128998225
0.8775833938302128
0.8775833938302128
0.8775833938302128
0.8703885293974557
0.8703885293974557
0.8703885293974557
0.8703885293974557
0.8703885293974557
0.8620082841224898
0.8620082841224898
0.8620082841224898
0.8620082841224898
0.8620082841224898
0.7881881614048608
0.7881881614048608
0.7881881614048608
0.7881586830190555
0.7881586830190555
0.7881586830190555
0.7881586830190555
0.7876626846766703
0.7876626846766703
0.7876626846766703
0.7876626846766703
0.7876626846766703
0.7866757747080443
0.7866757747080443
0.7866757747080443
0.7866757747080443
0.7866757747080443
0.7866757747080443
0.7866757747080443
0.7866757747080443
0.7866757747080443
0.7866757747080443
0.7866757747080443
0.7866757747080443
0.7866757747080443
0.7866757747080443
0.786583287203461
0.786583287203461
0.786583287203461
0.786583287203461
0.786583287203461
0.786583287203461
0.7865955453101247
0.7865955453101247
0.7865262147615576
0.7865262147615576
0.7865262147615576
0.7865262147615576
0.7865262147615576
0.7865262147615576
0.7865262147615576
0.7865262147615576
0.7865262147615576
0.7194694880216889
0.7194637033822253
0.7194376335893887
0.7194376335893887
0.7194376335893887
0.7194376335893887
0.7194329056995987
0.6793849390882992
0.6793644503606684
0.679266218982382
0.679266218982382
0.679266218982382
0.679266014420751
0.6792613467024
0.6792613467024
0.6792399502893699
0.6792399502893699
0.6791585927207162
0.6791567613754447
0.6791567613754447
0.6791567613754447
0.6791567613754447
0.6788657719848227
0.6788568726101679
0.6788568141747636
0.6788568141747636
0.6787832129942556
0.6787832129942556
0.6784775929666184
0.6784775929666184
0.6784775929666184
0.6784451545473816
0.6784426493081308
0.6784426493081308
0.6784426493081308
0.6784424438749507
0.6784424438749507
0.6784424438749507
0.6783580318140088
0.6783580318140088
0.6783582141970856
0.6783582141970856
0.6783567361707735
0.6783567361707735
0.6783441867561281
0.6783396065317443
0.6783396065317443
0.6783396065317443
0.6783396065317443
0.6783373209841216
0.6783354449415171
0.678334761283535
0.6783272143970216
0.6783272143970216
0.6783272143970216
0.6783272143970216
0.6783272143970216
0.6783272143970216
0.678324598441644
0.678324598441644
0.6783122144443807
0.6783122144443807
0.6783074640338598
0.6783074640338598
0.6783074640338598
0.6783074640338598
0.6783074635458897
0.6782422585048288
0.6782477584894819
0.6782477584894819
0.6782477584894819
0.6685768182696807
0.6685768182696807
0.6685768109700105
0.6685768109700105
0.6684913565890286
0.668490301113211
0.6684879138096532
0.668487905585808
0.668487905585808
0.6684435971071889
0.6684397235658516
0.6684397235658516
0.6684397235658516
0.668439703802229
0.668437121652293
0.668437121652293
