0.3841120610992026
0.3841120610992026
0.3841120610992026
0.3841120610992026
0.3841120610992026
0.3841120610992026
0.3841120610992026
0.3841120610992026
0.3841120610992026
0.3841120610992026
0.3841120610992026
0.3841120610992026
0.3841120610992026
0.3841120610992026
0.3841120610992026
0.3841120610992026
0.3841120610992026
0.3841120610992026
0.3841120610992026
0.3841120610992026
0.3841120610992026
0.3841120610992026
0.3841120610992026
0.3841120610992026
0.3841120610992026
0.3841120610992026
0.3841120610992026
0.3841120610992026
0.3841120610992026
0.3841120610992026
0.3841120610992026
0.3841120610992026
0.37533511294560573
0.26286458308614913
0.25761278026113743
0.25761278026113743
0.2544971589614531
0.24768196979728796
0.24667288461287284
0.2462559112513563
0.24329312006651344
0.2364715002829385
0.22974155024040357
0.2293297947587909
0.21221074314616162
0.21100848352938795
0.21038381440903842
0.2102760424399842
0.20994970801874413
0.20589011432908716
