ID: 20231205171646_11998

Problem: dtlz1
Number of objects: 3
Number of variables: 3

Algorithm choice: 2
Algorithm phase strategy: global + local
First phase rate: 0.5
Population size: 15
Maximum number of function evaluations: 50

IGD: 0.20589011432908716
GD: 0.030686508858166484
HV: 0.14656800234314757
Time cost: 94.40721440315247

non_dom_solutions:
[0.7981691842657154, 0.12749148875263652, 0.5061009771418093]
[0.8203678376878192, 0.7998381381356601, 0.4928579055838017]
[0.9249970429303787, 0.1281068112756033, 0.5041068310352882]
[0.4471317224559215, 0.8862900953241645, 0.4961432434808332]
[0.9366659420764272, 0.6254183581498094, 0.5125018128861389]
[0.9497823637349472, 0.993851155987737, 0.4900536497336951]
[0.9249970429303787, 0.8978695795971434, 0.49832478956890947]
[0.8203678376878192, 0.06241161524073746, 0.4950693680389947]
[0.8203678376878192, 0.0018638725901026776, 0.49505815730242403]
[0.48846505939016127, 0.9339299331273159, 0.4959981424545614]
[0.8686664453964106, 0.6617639655343789, 0.5065500528367802]
[0.8686664453964106, 0.8303021247849123, 0.5065500528367802]
[0.8817854558229016, 0.3324207002116518, 0.4981125263431016]
[0.8916588026619792, 0.33960455967932035, 0.49846587798291164]
[0.8940211220465839, 0.33960455967932035, 0.49846546285112225]
[0.9014797053798914, 0.33960455967932035, 0.49846546285112225]
[0.5941743009038828, 0.9763383551104953, 0.4959981424545614]

non_dom_solutions_y:
[0.05480712 0.37508134 0.1087047 ]
[0.36278276 0.09078746 0.09931618]
[0.06132157 0.41735377 0.03881317]
[0.20425641 0.02620584 0.28496137]
[0.38780071 0.23226537 0.04192669]
[0.56877678 0.00351896 0.03025887]
[0.41768021 0.04751008 0.03771974]
[0.02689089 0.40397267 0.09434421]
[0.00080325 0.43015444 0.09436482]
[0.23567157 0.01667238 0.26426199]
[0.31299719 0.15997687 0.07150888]
[0.39271136 0.08026269 0.07150888]
[0.14764472 0.29650549 0.05954398]
[0.15214471 0.29586079 0.05443501]
[0.15254819 0.29664541 0.05324822]
[0.15382086 0.29912024 0.04950072]
[0.29969094 0.00726304 0.20965197]
