0.587320061187388
0.587320061187388
0.587320061187388
0.587320061187388
0.587320061187388
0.587320061187388
0.587320061187388
0.587320061187388
0.587320061187388
0.587320061187388
0.587320061187388
0.587320061187388
0.587320061187388
0.587320061187388
0.587320061187388
0.587320061187388
0.587320061187388
0.587320061187388
0.587320061187388
0.587320061187388
0.587320061187388
0.587320061187388
0.587320061187388
0.587320061187388
0.587320061187388
0.587320061187388
0.587320061187388
0.587320061187388
0.587320061187388
0.587320061187388
0.587320061187388
0.587320061187388
0.587320061187388
0.5872862508007177
0.5872862508007177
0.5872862508007177
0.5317905755682784
0.5243297437018744
0.5169879827356841
0.5169879827356841
0.5169879827356841
0.5169879827356841
0.5169879827356841
0.5169879827356841
0.5169879827356841
0.5169879827356841
0.5169879827356841
0.5169879827356841
0.5169879827356841
0.5169879827356841
