ID: 20231205172207_25715

Problem: dtlz4
Number of objects: 3
Number of variables: 3

Algorithm choice: 2
Algorithm phase strategy: global + local
First phase rate: 0.5
Population size: 15
Maximum number of function evaluations: 50

IGD: 0.5169879827356841
GD: 0.02102254900155855
HV: 0.3314815477531686
Time cost: 98.71555233001709

non_dom_solutions:
[0.9995342090494139, 0.6596945578310643, 0.3785628324656488]
[0.8670021411567875, 0.01230698721086608, 0.7288703021097391]
[0.1405142540249474, 0.33340194576760346, 0.542108247227079]
[0.33347964415806136, 0.7480008073744984, 0.49453616002904544]
[0.08238964600352336, 0.09679683439633875, 0.3708058243950844]
[0.01275284809843787, 0.20379364805136702, 0.22964404632437693]
[0.054649108104586425, 0.1764574778857458, 0.3062194287601817]
[0.36957929670776, 0.5445500870411557, 0.5106391502983292]
[0.37270368877224114, 0.1877161300520735, 0.5106391502983292]
[0.5700368802243136, 0.9804682295510316, 0.4456565912272732]
[0.995074479094799, 0.9558473166564286, 0.4456565912272732]
[0.9970295590017562, 0.9603892870007924, 0.4162380170159198]
[0.9970295590017562, 0.9761541043385797, 0.4180917816471896]
[0.26515049248749023, 0.16121775129747112, 0.510991426944083]
[0.24159823024265992, 0.16121775129747112, 0.5528438324470523]
[0.2974277834242817, 0.11862925893906628, 0.5481169492432799]
[0.2648796728881514, 0.01381095016261874, 0.5519748095631015]

non_dom_solutions_y:
[7.24973463e-02 9.78886015e-20 1.01215393e+00]
[1.05238162e+000 1.71185927e-191 1.04787657e-006]
[1.00177310e+00 3.11675205e-48 9.30952356e-86]
[1.00002985e+00 3.85779819e-13 3.18467987e-48]
[1.01669114e+000 6.15778284e-102 6.17408495e-109]
[1.07309234e+000 1.39901164e-069 6.13021417e-190]
[1.03755091e+000 7.51858384e-076 9.34194145e-127]
[1.00011319e+00 6.30887921e-27 9.26685786e-44]
[1.00011319e+00 3.51826264e-73 2.15049356e-43]
[9.79104388e-01 2.17416030e-01 6.13332535e-25]
[0.57620364 0.009899   0.82085718]
[0.3958852  0.01092773 0.92587086]
[0.39200884 0.05547903 0.9255885 ]
[1.00012081e+00 8.65881107e-80 3.51088135e-58]
[1.00279247e+00 8.68194166e-80 3.21148433e-62]
[1.00231524e+00 4.13338591e-93 3.42987005e-53]
[1.00270138e+000 1.65823967e-186 3.17800540e-058]
