0.5073039236476966
0.5073039236476966
0.5073039236476966
0.5073039236476966
0.5073039236476966
0.5073039236476966
0.5073039236476966
0.5073039236476966
0.5073039236476966
0.5073039236476966
0.5073039236476966
0.5073039236476966
0.5073039236476966
0.5073039236476966
0.5073039236476966
0.5073039236476966
0.5073039236476966
0.5073039236476966
0.5073039236476966
0.5073039236476966
0.5073039236476966
0.5073039236476966
0.5073039236476966
0.5073039236476966
0.5073039236476966
0.5073039236476966
0.5073039236476966
0.5073039236476966
0.5073039236476966
0.5073039236476966
0.5073039236476966
0.5073039236476966
0.5039952632485741
0.5008323941759045
0.4967831228994288
0.49484393471528465
0.4874588085177419
0.5457336421109803
0.5431451547712357
0.5431091461027758
0.542668009168049
0.540911513705977
0.5130310662882397
0.513009039069185
0.5130089605608603
0.5130089142607851
0.5130089116604629
0.4570244119103384
0.4570244119103384
0.45699961791407046
0.45699961774754755
0.45699961774754755
0.45699961774754755
0.45699961774754755
0.456995104389526
0.456995104389526
0.45699510295103835
0.45699510295103835
0.45699510295103835
0.45699510295103835
0.4569951027876225
0.45699510277116256
0.45699510277116256
0.4569943009096435
0.4569943009096435
0.4569943009096435
0.4569943009096435
0.45697464012394146
0.45697464012394146
0.4569604685648938
0.45682088930714854
0.4567764594833129
0.4567104333725185
0.4567087382695369
0.45667911304366543
0.4566428160792883
0.45660839746134935
0.45660767923484874
0.45660766256388047
0.45660707323671057
0.4566055233299954
0.4565866421732397
0.4565866421732397
0.456519396995495
0.456519396995495
0.4565193032832505
0.4565176184362445
0.4565121132283911
0.45651197302175656
0.45651177445271235
0.45651177445271235
0.45651177445271235
0.45651177445271235
0.45651175330734683
0.45651175330734683
0.45651175330734683
0.45650463495280447
0.45650273799121716
0.45650254157407116
0.4565003341878934
0.4565003341878934
0.45650023944401824
0.45650023944401824
0.4564996958351026
0.4564995457729362
0.4564995412120868
0.456499245824001
0.45649622615599006
0.456496223170142
0.456496223170142
0.45649621490266085
0.45649609697091126
0.45649609697091126
0.4564841635927527
0.4564639549286089
0.45646089842030224
0.45646089842030224
0.45646089842030224
0.45646075591577734
0.45646075591577734
0.45646075591577734
0.45646075591577734
0.45646075591577734
0.45646075591577734
0.45646075591577734
0.45646075591577734
0.45646075591577734
0.45646075591577734
0.45646075591577734
0.45646075591577734
0.45646075591577734
0.45646075591577734
0.45034738331614604
0.45034738331614604
0.4502942527679098
0.4479337820463839
0.4479337820463839
0.4479337820463839
0.4475909469838634
0.446368774478357
0.446368774478357
0.4463185841953983
0.4463185841953983
0.4463185841953983
0.4463185608345677
0.4463175676188905
0.44625057755272796
0.4462384840125627
0.4462384840125627
0.44616806123218855
0.44616718163409563
0.4461587233023355
0.4461587121574994
0.4461559730629306
0.4461559231683878
0.4461559231683878
0.4424962914109259
0.4424945802888841
0.44238016571246735
0.4423701637255626
0.4422158218586053
0.44221525151175195
0.44219849415205353
0.4421644812161822
0.4421574865322635
0.44215748546652084
0.44196822422209775
0.44196822422209775
0.44196822422209775
0.44196822422209775
0.44196822422209775
0.44196822422209775
0.44196822422209775
0.44196822422209775
0.44196822422209775
0.4419680855402877
0.4419680855402877
0.4419680855402877
0.44196804361531944
0.4419651538074771
0.4419651538074771
0.4419651538074771
0.4419651538074771
0.4419651538074771
0.4419651399087431
0.4419651399087431
0.4419647960275991
0.4419646330854515
0.44196443451832934
0.44196430211921356
0.44196328711142147
0.44196314627995253
0.44196314627995253
0.44196314627995253
0.44196314627995253
0.4419510258083302
0.4419139163807494
0.4419014608095903
0.441882649865966
0.4418637806122296
0.4418634638788936
0.44186085168035993
0.44186012663322244
0.44186012663322244
0.44186012663322244
0.44186012663322244
0.44186012663322244
0.44186012663322244
0.4418597926520378
0.4418597926520378
0.4418597926520378
0.4418597926520378
0.4418597926520378
0.4418597926520378
0.4418597926520378
0.4418597926520378
0.4418597926520378
0.4418597926520378
0.4418597926520378
0.4418597926520378
0.4418597926520378
0.4418597926520378
0.4418597926520378
0.4418412721682062
0.44184121901434364
0.44184121901434364
0.44184121901434364
0.4417391624140971
0.4417391624140971
0.4417391624140971
0.4417391624140971
0.4417391624140971
0.4417391624140971
0.4417391624140971
0.44160898158104256
0.44160560794620746
0.4416053010060786
0.4413473548167645
0.4413244257519183
0.44132143148199693
0.4412269384607864
0.4410936609684762
0.4410936609684762
0.44103577197528515
0.4410048447882871
0.44100475758439794
0.4410044640156577
0.440975857722312
0.44091605687386826
0.44091605687386826
0.44090318309954074
0.4408777768681115
0.44087324863800514
0.4408706640821404
0.4408681283398174
0.4408679559026845
0.4408633579252719
0.44085722069543953
0.4408439592671998
0.44084355142947845
0.44084355142947845
0.44084355142947845
0.440841713519469
0.440841713519469
0.44070765034939485
0.4407075887231601
0.4407075887231601
0.4407060126793559
0.4407060126793559
0.4407060126793559
0.4407060126793559
0.4407060126793559
0.44070549191991765
0.44070045466401947
0.44068225669574834
0.44067576408974163
0.44067550632495206
0.4406751634321324
0.44067503906538863
0.44067481811405457
0.44067481811405457
0.44067481811405457
0.34758717910271186
0.3475801308607483
0.34732434438236975
0.34713286772215873
0.3457881995149628
0.3457652657911928
0.3457534570015338
0.3457534570015338
0.3457534570015338
0.3457534570015338
0.3457534570015338
0.3457534570015338
0.3457534570015338
0.3457534570015338
0.3457534570015338
0.3457534570015338
0.3457533565863584
0.3457533565863584
