ID: 20231203174905_10259

Problem: dtlz7
Number of objects: 3
Number of variables: 3

Algorithm choice: 2
Algorithm phase strategy: local + global
First phase rate: 0.75
Population size: 15
Maximum number of function evaluations: 300

IGD: 0.3457533565863584
GD: 0.007857415061993736
HV: 0.6430288590689849
Time cost: 1137.8067388534546

non_dom_solutions:
[0.12651189263959747, 0.0003173191169535128, 0.007565068945296238]
[0.15948778963040464, 0.0003173191169535128, 0.0035148999293602157]
[0.7846339416883634, 9.020082168539889e-05, 2.232782318983828e-05]
[0.7501617162623512, 2.4871611108690642e-05, 3.0928733620720975e-05]
[0.7578108593626358, 2.5653694331759595e-05, 8.066331683372635e-06]
[0.0009579220936395613, 0.0003173191169535128, 7.717777761644985e-06]
[0.7943689192021822, 9.020082168539889e-05, 2.232782318983828e-05]
[0.8368076376691174, 0.067807828557896, 2.232782318983828e-05]
[0.7759661558708434, 8.970428242891522e-05, 8.859636171310026e-06]
[0.00040455171492661396, 8.36449689009533e-06, 5.5109455828993275e-06]
[0.744937978702184, 0.2236801235185935, 2.232782318983828e-05]
[1.854059628996754e-09, 1.1007577488397757e-08, 1.4008818322887058e-08]
[0.8552641860071544, 0.04159441988459991, 7.511264915445727e-07]
[0.8712667515094024, 0.0059769372469862594, 5.787438190916675e-07]
[0.8552641860071544, 0.014090693314008938, 7.511264915445727e-07]
[0.8661082424113923, 0.028869225772932425, 2.0425856191276497e-06]
[0.8495741648539986, 0.02375574667847441, 7.511264915445727e-07]
[0.8422935235794938, 0.04159441988459991, 7.511264915445727e-07]
[0.8372424008885947, 0.0364198027234561, 5.1199296060576075e-06]
[0.8430005870040058, 0.0375318479989004, 7.511264915445727e-07]
[0.8422592740923474, 0.04159441988459991, 7.511264915445727e-07]
[0.8467660185979285, 0.04099859069919469, 5.1199296060576075e-06]
[0.8397495019618112, 0.04159441988459991, 2.255894646354777e-05]
[0.8410102174126001, 0.023475883284906768, 7.511264915445727e-07]
[0.8287228053191998, 0.04116794581305587, 2.0190589226097203e-06]
[0.8427544532701582, 0.04116794581305587, 5.1199296060576075e-06]
[0.8384827705271848, 0.04116794581305587, 1.6243289947847402e-07]
[0.8352809800107915, 0.04359991960056206, 8.18129576441081e-08]
[0.8322954155653703, 0.04827528298069676, 5.1199296060576075e-06]
[0.8344800499418696, 0.04267567509010475, 5.117778570908306e-06]
[0.8346826971391459, 0.04116794581305587, 1.7915242632085939e-09]
[0.8334367721284068, 0.04116794581305587, 1.663787235318506e-06]
[0.8381636174263677, 0.04211379489089691, 2.2951661142331357e-05]
[0.8411603377753677, 0.04116794581305587, 4.97559070597534e-06]
[0.8406260572187404, 0.04116794581305587, 5.1199296060576075e-06]
[0.8416739280279079, 0.03914337886931152, 7.136317313758881e-07]
[0.8382496777238931, 0.04188780738244073, 2.0190589226097203e-06]
[0.8407031056105836, 0.057059639099192566, 3.0896046440495188e-06]
[0.8427104193510826, 0.0531575446811296, 2.262654898710563e-05]
[0.8411455064603274, 0.05344226430513343, 2.2737360403702714e-05]
[0.845118116418091, 0.05344226430513343, 2.2737360403702714e-05]
[0.8430217581945318, 0.053779430094914205, 1.78440693427993e-05]
[0.83921962401432, 0.05117218569544245, 0.00047943689132422425]
[0.8422531282092068, 0.05344226430513343, 4.95938075140488e-07]
[0.8380226692268157, 0.05348396394277448, 5.599751714556092e-07]
[0.8454406194618566, 0.04116794581305587, 2.0190589226097203e-06]
[0.8445246901753396, 0.05344226430513343, 2.234768440633868e-05]
[0.843376057278769, 0.044106443854481744, 5.1199296060576075e-06]
[0.8357632316945574, 0.06241383721900384, 1.9466176638626136e-06]
[0.8379942302627015, 0.053471149874582756, 2.0190589226097203e-06]
[0.839353198902596, 0.05344226430513343, 2.292981597977403e-05]
[0.839592025932017, 0.05345017717388234, 2.2737360403702714e-05]
[0.8453590674818185, 0.04018756209961813, 2.3310261512243628e-07]
[0.8431310399899246, 0.04290145294104698, 5.5109455828993275e-06]
[0.8350875170337024, 0.025554041052465323, 5.1107020658822765e-06]
[0.8266594204255812, 0.04065036613500714, 2.2737360403702714e-05]
[0.8282936790893689, 0.03850051929512087, 0.00046845250217031565]
[0.8407164810732839, 0.04116794581305587, 2.1004424383140233e-06]
[0.8385612846755971, 0.04116794581305587, 1.9814023438772025e-06]
[0.8403182636314469, 0.04008457658362828, 5.044382454227394e-06]
[0.8406652857564769, 0.04116794581305587, 5.154151882676286e-06]
[0.8402982691682831, 0.03849400794813343, 5.1199296060576075e-06]
[0.8386269879719267, 0.04038413093959686, 5.1199296060576075e-06]
[0.8397447218167994, 0.04116794581305587, 5.1199296060576075e-06]
[0.8407053926585194, 0.04116794581305587, 5.1199296060576075e-06]
[0.8396529988833775, 0.040670160524130666, 2.3310261512243628e-07]
[0.8392597981615049, 0.04130725687952025, 2.879139415494045e-07]
[0.8440548358048741, 0.04116794581305587, 2.0190589226097203e-06]
[0.8421723638462155, 0.041814830446506496, 2.0190589226097203e-06]
[0.8389922550800599, 0.04116794581305587, 1.952685615809209e-06]
[0.8401747601639686, 0.041057490787193805, 1.8210340572534858e-05]
[0.841260558049755, 0.04078888040653139, 1.1862048565554897e-07]
[0.6991735768244424, 0.04116794581305587, 5.1199296060576075e-06]
[9.847820451048655e-06, 7.040482522258085e-07, 2.1906203481609366e-07]
[0.7428285010352221, 1.1007577488397757e-08, 1.4008818322887058e-08]
[0.7184937367226515, 0.10136724617009225, 1.076536489287119e-06]
[0.8051288039711149, 0.05344226430513343, 2.2706157138557045e-05]
[0.7813523052650193, 0.12557259341927418, 5.142591270539717e-06]
[0.815489819891593, 0.02026728308669056, 2.1906203481609366e-07]
[0.7882956195973109, 1.4312672644289925e-07, 2.3192295741166035e-07]
[0.716628602347248, 3.665289249610293e-07, 2.3310261512243628e-07]
[0.7198060091905194, 0.0010115840463987315, 2.0566280555109063e-06]
[0.7198060091905194, 0.0010115840463987315, 2.0566280555109063e-06]
[0.7050022433334252, 0.003694950781469239, 2.0566280555109063e-06]
[0.7442382044124048, 7.040482522258085e-07, 1.251743301812101e-06]
[0.8011169696899214, 0.00032076149064064197, 4.3434854274976045e-07]
[0.8011169696899214, 2.970242941868805e-06, 4.343548868710881e-07]
[0.8041019147962531, 0.00022056179140939047, 4.4284159471954763e-07]
[0.7936974398707557, 1.1075722153308112e-06, 2.3192295741166035e-07]
[0.787682339247955, 0.20423239188099118, 2.2737360403702714e-05]
[0.755431917937698, 0.0005045483629021671, 6.666635725009873e-08]
[0.762486478246706, 0.2073536184202424, 2.8156475130864766e-06]
[0.764978608193708, 0.2073536184202424, 2.8156475130864766e-06]
[0.764978608193708, 0.21591021109330438, 1.3957297505282036e-08]
[0.764978608193708, 0.21612993442199335, 1.3957297505282036e-08]
[0.764978608193708, 0.21654114020812484, 1.3957297505282036e-08]
[0.764978608193708, 0.21662155374888448, 8.155159624020875e-09]
[0.7635079576820215, 0.030103073023183928, 2.265206305065038e-05]
[0.8846157742156627, 6.341415456634358e-08, 5.1132817747353194e-06]
[0.8715390771648053, 3.740958681448109e-05, 2.0091262458586214e-06]
[0.8715390771648053, 2.8059976552360227e-05, 1.9613483134195875e-06]
[0.8715615087179419, 7.040482522258085e-07, 1.9896356084734728e-06]
[0.871209502689392, 0.00013717257979004374, 1.9931317259528598e-06]
[0.8629079276148727, 0.00024906506067024284, 8.285519194106151e-08]
[0.8715390771648053, 0.04682915876591773, 2.5143558707219256e-06]
[0.8681885607216533, 0.022582860707780796, 2.5361458048785878e-06]
[0.8622315241187237, 0.04116794581305587, 5.1199296060576075e-06]
[0.8634093395937004, 0.03956139270131173, 3.788978414688107e-06]
[0.8720574869909463, 0.053221108635927716, 2.5143558707219256e-06]
[0.8720574869909463, 0.053649246129453446, 5.852409100894529e-08]
[0.872822038411001, 0.053086577964561815, 2.3310261512243628e-07]
[0.872822038411001, 0.03926361364988171, 2.3310261512243628e-07]
[0.8634160170175772, 0.06145723353322237, 1.3922311603163079e-06]
[0.860884735689023, 0.06834292345834267, 2.5143558707219256e-06]
[0.8591134129812505, 0.06941767660811665, 2.9472858741394707e-07]
[0.8591134129812505, 0.07138990187240163, 1.964098242830136e-07]
[0.8594000906185166, 0.07326959183884824, 1.70551962986406e-07]
[0.8594000906185166, 0.07329906993202398, 1.70551962986406e-07]
[0.8594000906185166, 0.0735399181340532, 1.626996181009776e-07]
[0.8593926947233842, 0.07360489460124972, 1.5679424531495502e-07]
[0.860767482267191, 0.07179746360349488, 1.626996181009776e-07]
[0.860767482267191, 0.0724758414154693, 1.626996181009776e-07]
[0.860767482267191, 0.07248762631800629, 1.4167874973854893e-08]
[0.8607627594531916, 0.07374722542477494, 4.081524626965477e-08]
[0.8609376533476027, 0.07127822308159915, 2.3192295741166035e-07]
[0.8607646748015995, 0.0712821984647937, 1.617434298971508e-07]
[0.860767482267191, 0.07160153903678827, 1.626996181009776e-07]
[0.860767482267191, 0.07156076735499793, 1.4167874973854893e-08]
[0.8607627594531916, 0.07133990542663586, 1.6126325150686106e-07]
[0.860767482267191, 0.07138561796105905, 1.626996181009776e-07]
[0.8607627594531916, 0.07163232314398393, 1.626996181009776e-07]
[0.860767482267191, 0.07129806201858085, 2.0734020108832356e-07]
[0.8607554416579711, 0.07144169457792623, 1.626996181009776e-07]
[0.8607627594531916, 0.07134506826016035, 4.081524626965477e-08]
[0.8607627594531916, 0.07136629776335023, 2.3151064368905838e-07]
[0.860767482267191, 0.07128185749190458, 1.4165568977058006e-08]
[0.8358347536577421, 0.000512364545630424, 1.0227638489026355e-07]
[0.8634896460280832, 0.0011800119280628019, 5.956880489008987e-07]
[0.8607590113721882, 0.07358624803172324, 1.0824906281412187e-07]
[0.7950692656573688, 0.07190017857787648, 1.667252871688852e-08]
[0.8607627594531916, 0.07359496990896246, 8.261150069398956e-08]
[0.7315185773812289, 0.0391536249420779, 8.261150069398956e-08]
[0.7407850535940164, 6.341415456634358e-08, 2.3310261512243628e-07]
[0.7462858776572391, 7.040482522258085e-07, 2.1906203481609366e-07]
[0.7329647517721252, 0.10270655760557287, 8.261150069398956e-08]
[0.7343063197292086, 0.10314581358624655, 3.6649816782962047e-08]
[0.7346581482109444, 0.10249579259761636, 3.303022060462287e-08]
[0.7421137158957002, 0.10314581358624655, 1.5921769456297896e-07]
[0.7421137158957002, 0.1176837017147949, 1.5921769456297896e-07]
[0.7335297582632654, 0.10287589670468626, 1.5841264017522642e-07]
[0.7293939143627314, 0.1130365422728741, 5.496331565538115e-08]
[0.7398945573200055, 0.08936350515195104, 1.5921769456297896e-07]
[0.7359487672055011, 0.10060787107742081, 1.5921769456297896e-07]
[0.7358904031766017, 0.10314581358624655, 2.196120339383153e-09]
[0.7264460048661139, 0.11322506985511338, 1.626996181009776e-07]
[0.752610164938033, 0.06758507016295762, 2.3260723396713442e-07]
[0.7501174134208767, 0.012697092976162505, 4.081524626965477e-08]
[0.7379051927946736, 0.04479094400422742, 4.081524626965477e-08]
[0.7330287859627236, 0.04479094400422742, 3.969777417642712e-08]
[0.7318263542796647, 0.04479094400422742, 4.081524626965477e-08]
[0.7311279948272342, 0.045428772871559095, 3.941900270444437e-08]
[0.7321566738916989, 0.04546877192375482, 4.081524626965477e-08]
[0.7323892610929262, 0.049868573993951656, 8.265695926029495e-08]
[0.7294381563211937, 0.045278267376000984, 4.081524626965477e-08]
[0.7273385601148303, 0.052608761619671845, 4.081524626965477e-08]
[0.7309417042440498, 0.04962854607637712, 3.440896588727719e-08]
[0.730272289318918, 0.046350699346545135, 4.081524626965477e-08]
[0.7328185331285706, 0.04479094400422742, 4.114239583034961e-08]
[0.7319412494161515, 0.051887526511517665, 1.626996181009776e-07]
[0.7317624545083681, 0.04522238498578966, 4.081524626965477e-08]
[0.8783613109728292, 0.09936863641662466, 8.261150069398956e-08]
[0.7318871733021224, 0.039757512584891436, 4.08957523018856e-08]
[0.7313944783662284, 0.04479094400422742, 8.265228062269656e-08]
[0.7285986200067764, 0.045240100137470596, 3.9741810818017475e-08]
[0.7327686668959599, 0.04479094400422742, 4.081524626965477e-08]
[0.7314343742837301, 0.04479094400422742, 4.0907289718105017e-08]
[0.7319568445455298, 0.04479094400422742, 4.081524626965477e-08]
[0.7318092752544418, 0.04475895513049313, 4.081524626965477e-08]
[0.7272333614266423, 0.051587050629211845, 4.081524626965477e-08]
[0.7271793109262774, 0.05689943888133856, 4.081524626965477e-08]
[0.731774173036803, 0.07443322237044231, 4.081524626965477e-08]
[0.7270986636019658, 0.07443322237044231, 1.921335048073662e-06]
[0.7271514614839903, 0.07374763079490412, 4.081524626965477e-08]
[0.7268900051103437, 0.07443322237044231, 4.081524626965477e-08]
[0.7284932090468607, 0.07443322237044231, 4.081524626965477e-08]
[0.7309392915099373, 0.07449979421271323, 1.62783090038992e-07]
[0.731774173036803, 0.07443322237044231, 4.081524626965477e-08]
[9.847820451048655e-06, 0.5048488762228205, 8.416477334092104e-08]
[0.7472544685868021, 0.06787346925851594, 8.786653489298028e-10]
[0.7267428376411326, 0.13212059215969585, 8.261150069398956e-08]
[0.7256145117730333, 0.14272737540730812, 8.261150069398956e-08]
[0.7063831808876269, 0.21309677752611328, 8.261150069398956e-08]
[0.7240004802950981, 0.14749088586662473, 3.865187107717937e-08]
[0.7523467120878018, 0.0510440324113202, 2.8067243946824642e-09]
[0.729754117117868, 0.11249874236038868, 3.414807550161485e-08]

non_dom_solutions_y:
[1.26511893e-01 3.17319117e-04 5.95986698e+00]
[1.59487790e-01 3.17319117e-04 5.77597336e+00]
[7.84633942e-01 9.02008217e-05 4.51245082e+00]
[7.50161716e-01 2.48716111e-05 4.71939619e+00]
[7.57810859e-01 2.56536943e-05 4.66856784e+00]
[9.57922094e-04 3.17319117e-04 5.99892354e+00]
[7.94368919e-01 9.02008217e-05 4.46473920e+00]
[0.83680764 0.06780783 4.21918419]
[7.75966156e-01 8.97042824e-05 4.55889898e+00]
[4.04551715e-04 8.36449689e-06 5.99973434e+00]
[0.74493798 0.22368012 4.33879662]
[1.85405963e-09 1.10075775e-08 6.00000037e+00]
[0.85526419 0.04159442 4.25021058]
[0.87126675 0.00597694 4.30625916]
[0.85526419 0.01409069 4.29173986]
[0.86610824 0.02886923 4.27220425]
[0.84957416 0.02375575 4.28177483]
[0.84229352 0.04159442 4.26094908]
[0.8372424  0.0364198  4.27754477]
[0.84300059 0.03753185 4.26698288]
[0.84225927 0.04159442 4.26099457]
[0.84676602 0.04099859 4.25693368]
[0.8397495  0.04159442 4.26515925]
[0.84101022 0.02347588 4.29157244]
[0.82872281 0.04116795 4.28664788]
[0.84275445 0.04116795 4.261206  ]
[0.83848277 0.04116795 4.26728284]
[0.83528098 0.04359992 4.26856495]
[0.83229542 0.04827528 4.26609748]
[0.83448005 0.04267568 4.27184567]
[0.8346827  0.04116795 4.27395886]
[0.83343677 0.04116795 4.27642848]
[0.83816362 0.04211379 4.26676698]
[0.84116034 0.04116795 4.263358  ]
[0.84062606 0.04116795 4.26412767]
[0.84167393 0.03914338 4.26601181]
[0.83824968 0.04188781 4.26645665]
[0.84070311 0.05705964 4.23441731]
[0.84271042 0.05315754 4.23978975]
[0.84114551 0.05344226 4.24136549]
[0.84511812 0.05344226 4.2363488 ]
[0.84302176 0.05377943 4.2380645 ]
[0.83921962 0.05117219 4.26089049]
[0.84225313 0.05344226 4.23924526]
[0.83802267 0.05348396 4.24547152]
[0.84544062 0.04116795 4.25792815]
[0.84452469 0.05344226 4.23701107]
[0.84337606 0.04410644 4.25524338]
[0.83576323 0.06241384 4.2316983 ]
[0.83799423 0.05347115 4.24558253]
[0.8393532  0.05344226 4.24402693]
[0.83959203 0.05345018 4.24363853]
[0.84535907 0.04018756 4.25966444]
[0.84313104 0.04290145 4.25769954]
[0.83508752 0.02555404 4.2984279 ]
[0.82665942 0.04065037 4.29308369]
[0.82829368 0.03850052 4.30482879]
[0.84071648 0.04116795 4.26391502]
[0.83856128 0.04116795 4.26720534]
[0.84031826 0.04008458 4.26644949]
[0.84066529 0.04116795 4.26407163]
[0.84029827 0.03849401 4.26919629]
[0.83862699 0.04038413 4.26854142]
[0.83974472 0.04116795 4.26543811]
[0.84070539 0.04116795 4.26401259]
[0.839653   0.04067016 4.26630883]
[0.8392598  0.04130726 4.26581152]
[0.84405484 0.04116795 4.25950706]
[0.84217236 0.04181483 4.26075978]
[0.83899226 0.04116795 4.26651791]
[0.84017476 0.04105749 4.26533661]
[0.84126056 0.04078888 4.2637431 ]
[0.69917358 0.04116795 5.03335058]
[9.84782045e-06 7.04048252e-07 5.99999536e+00]
[7.42828501e-01 1.10075775e-08 4.76858725e+00]
[0.71849374 0.10136725 4.76023512]
[0.8051288  0.05344226 4.33939763]
[0.78135231 0.12557259 4.28749633]
[0.81548982 0.02026728 4.35641564]
[7.88295620e-01 1.43126726e-07 4.49337064e+00]
[7.16628602e-01 3.66528925e-07 4.95826384e+00]
[7.19806009e-01 1.01158405e-03 4.93361293e+00]
[7.19806009e-01 1.01158405e-03 4.93361293e+00]
[7.05002243e-01 3.69495078e-03 5.04201519e+00]
[7.44238204e-01 7.04048252e-07 4.75887832e+00]
[8.01116970e-01 3.20761491e-04 4.43410168e+00]
[8.01116970e-01 2.97024294e-06 4.43442044e+00]
[8.04101915e-01 2.20561791e-04 4.42191027e+00]
[7.93697440e-01 1.10757222e-06 4.46734820e+00]
[0.78768234 0.20423239 4.10123994]
[7.55431918e-01 5.04548363e-04 4.68325701e+00]
[0.76248648 0.20735362 4.23920827]
[0.76497861 0.20735362 4.22380047]
[0.76497861 0.21591021 4.21439117]
[0.76497861 0.21612993 4.21417572]
[0.76497861 0.21654114 4.21377585]
[0.76497861 0.21662155 4.213698  ]
[0.76350796 0.03010307 4.59451502]
[8.84615774e-01 6.34141546e-08 4.33223536e+00]
[8.71539077e-01 3.74095868e-05 4.31283186e+00]
[8.71539077e-01 2.80599766e-05 4.31283992e+00]
[8.71561509e-01 7.04048252e-07 4.31288957e+00]
[8.71209503e-01 1.37172580e-04 4.31241994e+00]
[8.62907928e-01 2.49065061e-04 4.30724106e+00]
[0.87153908 0.04682916 4.24605001]
[0.86818856 0.02258286 4.28276333]
[0.86223152 0.04116795 4.25071463]
[0.86340934 0.03956139 4.25376646]
[0.87205749 0.05322111 4.23457914]
[0.87205749 0.05364925 4.23368923]
[0.87282204 0.05308658 4.23556297]
[0.87282204 0.03926361 4.26065214]
[0.86341602 0.06145723 4.21257939]
[0.86088474 0.06834292 4.19777653]
[0.85911341 0.06941768 4.19535299]
[0.85911341 0.0713899  4.19113248]
[0.85940009 0.07326959 4.18706951]
[0.85940009 0.07329907 4.18700556]
[0.85940009 0.07353992 4.1864825 ]
[0.85939269 0.07360489 4.18634118]
[0.86076748 0.07179746 4.19032488]
[0.86076748 0.07247584 4.18886135]
[0.86076748 0.07248763 4.18883187]
[0.86076276 0.07374723 4.18610165]
[0.86093765 0.07127822 4.19146307]
[0.86076467 0.0712822  4.19143289]
[0.86076748 0.07160154 4.19074665]
[0.86076748 0.07156077 4.19083036]
[0.86076276 0.07133991 4.19130869]
[0.86076748 0.07138562 4.19121099]
[0.86076276 0.07163232 4.1906799 ]
[0.86076748 0.07129806 4.19140035]
[0.86075544 0.07144169 4.19108916]
[0.86076276 0.07134507 4.19129434]
[0.86076276 0.0713663  4.19125387]
[0.86076748 0.07128186 4.19142994]
[8.35834754e-01 5.12364546e-04 4.32805068e+00]
[8.63489646e-01 1.18001193e-03 4.30648545e+00]
[0.86075901 0.07358625 4.18645294]
[0.79506927 0.07190018 4.34402646]
[0.86076276 0.07359497 4.18643369]
[0.73151858 0.03915362 4.79541617]
[7.40785054e-01 6.34141546e-08 4.78281677e+00]
[7.46285878e-01 7.04048252e-07 4.74480718e+00]
[0.73296475 0.10270656 4.65096345]
[0.73430632 0.10314581 4.64029766]
[0.73465815 0.10249579 4.63932358]
[0.74211372 0.10314581 4.58519983]
[0.74211372 0.1176837  4.550505  ]
[0.73352976 0.1028759  4.64650621]
[0.72939391 0.11303654 4.65214153]
[0.73989456 0.08936351 4.63300964]
[0.73594877 0.10060787 4.63459338]
[0.7358904  0.10314581 4.62899024]
[0.726446   0.11322507 4.67319634]
[0.75261016 0.06758507 4.5945087 ]
[0.75011741 0.01269709 4.70467106]
[0.73790519 0.04479094 4.73991103]
[0.73302879 0.04479094 4.77467013]
[0.73182635 0.04479094 4.78332751]
[0.73112799 0.04542877 4.78722235]
[0.73215667 0.04546877 4.7797259 ]
[0.73238926 0.04986857 4.76996096]
[0.72943816 0.04527827 4.79973918]
[0.72733856 0.05260876 4.80141625]
[0.7309417  0.04962855 4.78085523]
[0.73027229 0.0463507  4.79174535]
[0.73281853 0.04479094 4.77618162]
[0.73194125 0.05188753 4.76938212]
[0.73176245 0.04522238 4.78301269]
[0.87836131 0.09936864 4.1417843 ]
[0.73188717 0.03975751 4.79172273]
[0.73139448 0.04479094 4.78644594]
[0.72859862 0.0452401  4.80591355]
[0.73276867 0.04479094 4.77654023]
[0.73143437 0.04479094 4.78615667]
[0.73195684 0.04479094 4.78238644]
[0.73180928 0.04475896 4.78350812]
[0.72723336 0.05158705 4.80413076]
[0.72717931 0.05689944 4.79424674]
[0.73177417 0.07443322 4.72437583]
[0.72709866 0.07443322 4.75838728]
[0.72715146 0.07374763 4.75944361]
[0.72689001 0.07443322 4.75986226]
[0.72849321 0.07443322 4.74816079]
[0.73093929 0.07449979 4.7302647 ]
[0.73177417 0.07443322 4.72437583]
[9.84782045e-06 5.04848876e-01 5.99946534e+00]
[0.74725447 0.06787347 4.62981437]
[0.72674284 0.13212059 4.62611081]
[0.72561451 0.14272738 4.60984101]
[0.70638318 0.21309678 4.62922344]
[0.72400048 0.14749089 4.61096367]
[0.75234671 0.05104403 4.62936491]
[0.72975412 0.11249874 4.65081115]
