0.5750059223744471
0.5750059223744471
0.5750059223744471
0.5750059223744471
0.5750059223744471
0.5750059223744471
0.5750059223744471
0.5750059223744471
0.5750059223744471
0.5750059223744471
0.5750059223744471
0.5750059223744471
0.5750059223744471
0.5750059223744471
0.5750059223744471
0.5750059223744471
0.5750059223744471
0.5750059223744471
0.5750059223744471
0.5750059223744471
0.5750059223744471
0.5750059223744471
0.5750059223744471
0.5750059223744471
0.5750059223744471
0.5750059223744471
0.5750059223744471
0.5750059223744471
0.5750059223744471
0.5750059223744471
0.5750059223744471
0.5750059223744471
0.51234136818967
0.4728604088060736
0.4728604088060736
0.4728604088060736
0.4683597949907468
0.46029707924022467
0.45956135713522384
0.4580815411513812
0.4580815411513812
0.3932545155386481
0.3932545155386481
0.3932545155386481
0.3881335369253464
0.38637560639509605
0.38434546699881716
0.3819971283948224
0.3819971283948224
0.3818995906221989
0.3803558818171011
0.38009899086205373
0.37999171781089924
0.3796681638780345
0.37818286352591174
0.3303698060529485
0.3304314013309537
0.3301635048584287
0.33016336451770767
0.33016558227033604
0.3301655600992954
0.3299441546533508
0.39756421278349613
0.39756420978223345
0.39658841477523804
0.39658841477523804
0.3960907133472596
0.3960907127444592
0.3960907127444592
0.3958828334371515
0.3958828331897979
0.395882833092569
0.3958813424519147
0.39588134244177153
0.39585520157869136
0.39585520157869136
0.39585520157727516
0.39585520157534454
0.3958551993159096
0.3958551993159096
0.39585519795396207
0.39585519795396207
0.39585519680639464
0.3958551943429658
0.3958551943429658
0.3958551943429658
0.39568010272167037
0.39568010272167037
0.3956500483242027
0.3956500483242027
0.3951740127066147
0.39507647604824725
0.39507647604824725
0.39505084231330756
0.3948627487686938
0.3948627487686938
0.3948627487686938
0.3948627487686938
0.3948627487686938
0.3948627487686938
0.3948627487686938
0.3945718892976026
0.3945718892976026
0.3945718892976026
0.3945718892976026
0.3945718892976026
0.3945718892976026
0.3945718892976026
0.3945718892976026
0.3945718892976026
0.3945718892976026
0.3945688464240121
0.3945655880919994
0.3944442817707918
0.39430265143356813
0.39417433496528687
0.39417433496528687
0.39417433496528687
0.39416789070716
0.3941657580854415
0.3941567932025191
0.3941551863719532
0.3941544167081034
0.39415033891931306
0.3935946084917478
0.3935946084917478
0.39359427067349606
0.3935941761286549
0.3935941761286549
0.3935941761286549
0.3935941761286549
0.3935875215170237
0.39358726067960037
0.3935870484643791
0.39358542967965926
0.39358408377503984
0.3935808834650897
0.3935782612214016
0.3935781244549242
0.39357742026296866
0.393577370516716
0.3935770473174542
0.39357679555699154
0.3935766691651409
0.393575655800591
0.3935753373344455
0.3935753373344455
0.3935753373344455
0.39356864047597423
0.3935686013258639
0.3935686013258639
0.3935682262212009
0.3935682262212009
0.3935680665359826
0.393567783168748
0.39356768156419064
0.39356768156419064
0.3935676815405978
0.3935674575001762
0.39356737124469154
0.39356737124469154
0.39356737124469154
0.39356737124469154
0.393567264446196
0.393567264446196
0.393567264446196
0.3935672051341384
0.3935672051341384
0.3935672051341384
0.3935136242891119
0.3935136242891119
0.3935136242891119
0.3935136242891119
0.3935136242891119
0.3935136242891119
0.3935136242891119
0.3935136242891119
0.3935136242891119
0.3935135578143823
0.3935135578143823
0.3935135578143823
0.3935135578143823
0.3935135578143823
0.3935135578143823
0.3935135578143823
0.3935135578143823
0.3935135578143823
0.3935135578143823
0.3935135578143823
0.3935135578143823
0.3935135578143823
0.3935135578143823
0.3935135578143823
0.3935135578143823
0.3935135578143823
0.3935135578143823
0.39351355290033835
0.39351355290033835
0.39351355290033835
0.39351355290033835
0.39351355290033835
0.39351355290033835
0.39351355290033835
0.39351355290033835
0.39351355290033835
0.39351355290033835
0.39351355290033835
0.39351355290033835
0.39351355290033835
0.39351355290033835
0.39351355290033835
0.39351355290033835
0.39351355290033835
0.39351355290033835
0.39351355290033835
0.39351355290033835
0.39351355290033835
0.39351355290033835
0.39351355290033835
0.39351355290033835
0.39351355290033835
0.39351355290033835
0.39351355290033835
0.39351355290033835
0.39351355290033835
0.39351355290033835
0.39351355290033835
0.39351355290033835
0.39351355290033835
0.39351355290033835
0.39351355290033835
0.39351355290033835
0.39351355290033835
0.39351355290033835
0.39351355290033835
0.39351355290033835
0.39351355290033835
0.39351355290033835
0.39351355290033835
0.39351355290033835
0.39351355290033835
0.39351355290033835
0.39351355290033835
0.39351355290033835
0.39351355290033835
0.39351355290033835
0.39351355290033835
0.39351355290033835
0.39351355290033835
0.39351355290033835
0.39351355290033835
0.39351355290033835
0.3935115094583544
0.39351017460324433
0.39350234561582764
0.3935022124992727
0.3935012405923468
0.3934996200864742
0.3934996200864742
0.3934994762520211
0.3934984285558579
0.3934984285558579
0.3934984285558579
0.3934984285558579
0.3934984285558579
0.3934984285558579
0.39349550228639607
0.39349420538058166
0.393493926929345
0.393493926929345
0.39349007145990206
0.39348975090911814
0.3934894747592109
0.3934894747592109
0.3934894747592109
0.3934894747592109
0.3934894701483615
0.3934882768227802
0.393488214465059
0.3934881743374721
0.39348815700169626
0.39348815700169626
0.3934881480328584
0.3934873952143146
0.39348713798876883
0.39348691729741603
0.39348691729741603
0.39348691729741603
0.3934868983978126
0.3934866921661975
0.39348651555251174
0.3934862024858463
0.3934862024858463
0.3934862024858463
0.39348577097770077
0.39348574531778396
0.39348574531778396
0.3934857306615394
0.3934857306615394
0.3934857306615394
