ID: 20231201121125_10758

Problem: dtlz7
Number of objects: 3
Number of variables: 3
Algorithm choice: 2
Maximum number of function evaluations: 300

IGD: 0.3934857306615394
GD: 0.01036760653695704
HV: 0.7023042961948314
Time cost: 1233.3524179458618

non_dom_solutions:
[0.05230130313074777, 0.11870299133032469, 5.340921954855027e-05]
[0.72369892505897, 0.11871411552320661, 0.005556231679202744]
[0.8889810613345045, 0.08084207532547241, 2.4161526846324787e-05]
[0.8786128514448055, 0.0013899549596136374, 2.4161526846324787e-05]
[0.7613661143713908, 0.002408700317651044, 0.00010049727453101875]
[0.7791184933218565, 0.2507072457999065, 4.841601381172945e-06]
[0.717035039254308, 0.004760780076649207, 1.9021632335085477e-06]
[0.7415241336100576, 0.24716972497438439, 1.9021632335085477e-06]
[0.7039565752937453, 0.2507072457999065, 4.841601381172945e-06]
[0.7439613276113164, 0.004469856848150003, 0.00027018404746811334]
[0.8532312070018426, 0.11845194955034835, 2.4161526846324787e-05]
[0.717935858847243, 0.26199571475066474, 2.8701761548865536e-05]
[0.749869498583378, 0.01782129737325064, 1.4751325456193592e-07]
[0.7644745103120025, 0.01781485851299364, 1.4751325456193592e-07]
[0.00031537334908021686, 0.001278436621392678, 1.815936886548106e-05]
[0.0002015622491236546, 5.276448579243781e-05, 4.10968135052963e-06]
[0.8433307312677889, 0.11845194955034835, 4.269775202863133e-08]
[0.8379552796886124, 0.1264744395523886, 4.269775202863133e-08]
[0.8443512045993438, 0.13477697844651002, 4.269775202863133e-08]
[1.9186089112444016e-06, 7.264370776631501e-06, 1.2471171193132424e-08]
[0.7381146135064639, 0.11845194955034835, 4.269775202863133e-08]
[0.8420268143476485, 0.0005699189021649287, 0.03881576453137902]
[0.8510131031752127, 0.16433987807567454, 1.3374166639964776e-07]
[1.9186089112444016e-06, 2.062843558352234e-06, 1.2846638210448727e-08]
[0.8509546447541381, 0.17763666466708125, 4.269775202863133e-08]
[9.415541479262934e-07, 9.607126410376976e-08, 1.2471171193132424e-08]
[0.8521047196710323, 0.17763666466708125, 1.3098264914110041e-08]
[0.8523464037760249, 0.17992922890489316, 4.269775202863133e-08]
[0.8524113241660446, 0.1788161240247744, 4.269775202863133e-08]
[7.313701184420205e-09, 6.590512689909354e-08, 1.1844703969343333e-09]
[0.8524113241660446, 0.17828504287545244, 4.183924421072404e-08]
[0.8524217427281305, 0.1782811857239891, 1.2412690766108148e-08]
[0.8524321446499166, 0.1782811857239891, 1.2678540093080832e-08]
[0.8524321446499166, 0.17823690201737594, 1.2678540093080832e-08]
[0.8510175880755856, 0.19354354108079616, 1.9662516531782504e-08]
[1.1830569302246813e-09, 5.771130743736658e-09, 1.2471171193132424e-08]
[0.8589444774316539, 0.1988641897250609, 1.2468899223144626e-08]
[7.313701184420205e-09, 2.713733259097915e-08, 1.2471171193132424e-08]
[0.735011597807256, 0.1799829614390528, 4.183924421072404e-08]
[0.7251754968622586, 0.19729628651233408, 1.2521863047654587e-08]
[0.8827847466403846, 7.279458591208922e-12, 0.03758102034795282]
[0.7314077031956107, 0.17614274348641581, 1.2678540093080832e-08]
[0.8641284363454862, 0.2211805769794739, 1.2468899223144626e-08]
[1.1830569302246813e-09, 3.165628731575623e-09, 1.2471171193132424e-08]
[6.288398008725602e-09, 2.0358176633346658e-10, 1.1976271294292761e-08]
[0.7642955958713037, 0.0013113476329823237, 1.0117383041665786e-09]
[0.7509238061297543, 0.000937131550937817, 1.2468922984747462e-08]
[0.8597441849944539, 0.22964659566458642, 1.247735283363514e-08]
[0.8357664933273873, 0.2287681317673257, 1.273415509166529e-08]
[0.815057713469236, 0.22948335683681173, 1.247115993799698e-08]
[0.8663495218268626, 0.22421134978430154, 1.247115993799698e-08]
[0.8388344890241262, 0.22948335683681173, 1.247115993799698e-08]
[0.8576196247900821, 0.22948335683681173, 1.1243054653862452e-08]
[0.8507061593841647, 0.22948814233493936, 1.2754444240183429e-08]
[0.8485842261886896, 0.22794874247123637, 1.2468941165611523e-08]
[0.8427648949215686, 0.22794874247123637, 1.2468899223144626e-08]
[0.8545225814224009, 0.22964659566458642, 1.2722942390922631e-08]
[0.8517441333567233, 0.23703070056517958, 1.2468875597266379e-08]
[6.289091341664634e-09, 1.7608647178413154e-10, 0.042140870140483094]
[0.8542230233718138, 0.22794874247123637, 1.2468899223144626e-08]
[0.8604983579886882, 0.22886864808462715, 1.2471171193132424e-08]
[0.8520939216674195, 0.21780485184773038, 1.273415509166529e-08]
[0.8673217297553308, 0.19123987838261466, 1.2471171427505423e-08]
[0.8673217297553308, 0.18265957489899143, 1.2471171427505423e-08]
[0.8566101039012106, 0.21570904904599617, 1.2471816637265933e-08]
[0.8523065872237161, 0.2145289037474337, 1.247115993799698e-08]
[0.8490576921638701, 0.21400992953021686, 1.2468903242226304e-08]
[0.8507933012383738, 0.20598347019691116, 1.2471159823856121e-08]
[0.8570072005680741, 0.21767997029902586, 1.247115993799698e-08]
[0.8586348277108722, 0.21181621014659613, 1.198309609096072e-08]
[0.8532983637259778, 0.22206746877045053, 1.247115993799698e-08]
[0.8560917321206152, 0.21097518638846696, 1.2113759527715296e-08]
[0.8513355612722255, 0.21158718357953274, 1.247115993799698e-08]
[0.8579085368202949, 0.21378422152711216, 1.2471160342623217e-08]
[0.8478342777615002, 0.21359385406069506, 1.2467642932019508e-08]
[0.8583890978619595, 0.20874708241042178, 1.2471171193132424e-08]
[0.8523495957819835, 0.2177089085584125, 1.2296854601430102e-08]
[0.8565034982109725, 0.2098875880975645, 1.2458333008058061e-08]
[0.8453180876677734, 0.20661954187646167, 1.0453790527820562e-08]
[0.8573942082539663, 0.2177089085584125, 1.247115993799698e-08]
[0.8587792882017234, 0.21280478016875892, 1.2471171009195914e-08]
[0.8484926035609529, 0.2177089085584125, 1.247115993799698e-08]
[0.8550754775424478, 0.20789612508006014, 1.2471171428457554e-08]
[0.8583550225161891, 0.20401809910934843, 1.1976271294292761e-08]
[0.8466757927221588, 0.20789612508006014, 1.2471171428457554e-08]
[0.8516883283346741, 0.20723531752506513, 1.1976271294292761e-08]
[0.8550715213198247, 0.20789612508006014, 9.375999198829591e-09]
[0.8543712367026998, 0.20601412497877547, 1.2471171428457554e-08]
[0.8595325560936207, 0.20390071925041423, 1.2471171193132424e-08]
[0.8536111711752598, 0.20598187488414307, 1.2471171428457554e-08]
[0.8477020727936456, 0.20742143756611173, 1.2471160164952701e-08]
[0.8490875122664673, 0.20789612508006014, 1.2471171428457554e-08]
[0.850628847656046, 0.2088616200860023, 1.2471171428457554e-08]
[0.8547447724753867, 0.20789612508006014, 1.0080383328038908e-08]
[0.8587577431055491, 0.20455028427387453, 1.2471171288740098e-08]
[0.859909379625636, 0.2057239524438858, 1.2468899223144626e-08]
[0.8574352115164189, 0.20419958143408604, 1.2471171193132424e-08]
[0.8326487973935076, 0.20019822938117243, 1.2735112877570532e-08]
[0.8508487510080025, 0.20789612508006014, 2.1151937112824044e-09]
[0.853155877609054, 0.20810693796163343, 1.2735112877570532e-08]
[0.8513733957073059, 0.2085976818133205, 1.2735112877570532e-08]
[0.8525093932403404, 0.20789612508006014, 9.69140103944618e-09]
[0.8547614147284776, 0.20629084554922375, 1.2735347748005516e-08]
[0.8542658574034194, 0.20702333559654254, 1.2734156241159512e-08]
[0.8525523238272179, 0.20742987784802258, 1.2735110815939483e-08]
[0.8555601864978778, 0.20674138336947032, 1.2157226170126614e-08]
[0.854935983218613, 0.2090722084910731, 1.2735112877570532e-08]
[0.8543320498575491, 0.20789612508006014, 1.2735112877570532e-08]
[0.8520699107687192, 0.20784828991962453, 1.247115993799698e-08]
[0.852871205066847, 0.20789612508006014, 1.2471223678993239e-08]
[0.8528248436825488, 0.20789612508006014, 5.178303018498982e-09]
[0.8527533438277346, 0.20789612508006014, 2.326781791672306e-09]
[0.8538059992426569, 0.20656715078673646, 1.2735112877570532e-08]
[0.8517002641920073, 0.20933880071303956, 9.092934391722284e-09]
[0.8535459176183458, 0.20881599859195463, 3.0529561380503232e-09]
[0.8538009903377604, 0.20789612508006014, 1.2735112877570532e-08]
[0.8538149500722356, 0.20789612508006014, 1.272832557201695e-08]
[0.8536970494717575, 0.20789612508006014, 1.2735112877570532e-08]
[0.8546419915921624, 0.20823355659941728, 3.443161225013614e-09]
[0.8533502181164581, 0.20789612508006014, 1.2739829514137849e-08]
[0.8550956284358818, 0.20789612508006014, 1.1344291863657008e-08]
[0.851981112113402, 0.20807066686368028, 1.2735109821346757e-08]
[0.8541968418375464, 0.2081122527400696, 1.2735109036982353e-08]
[0.8533983636829767, 0.20763590767652254, 1.2734874550364616e-08]
[0.8554416676523513, 0.20603422282962314, 1.2471171193132424e-08]
[0.853378567985037, 0.20789612508006014, 1.2481019400540279e-08]
[0.8532756233762994, 0.20789612508006014, 1.232223285632708e-08]
[0.8547072343356525, 0.20789612508006014, 1.2735112877570532e-08]
[0.8537673544594389, 0.20789612508006014, 1.2735112877570532e-08]
[0.8555355995488986, 0.20764055540827756, 1.2735112877570532e-08]
[0.8536855295754403, 0.20774758847541924, 1.2471287096375649e-08]
[0.8548465580700784, 0.20813336690683334, 1.273415509166529e-08]
[0.8523208350971511, 0.21011044306198456, 1.2015490029777825e-08]
[0.8522445531267845, 0.2068304972843179, 4.618058848648377e-09]
[0.8541658546763872, 0.20789612508006014, 1.2740581895638618e-08]
[0.8557139514870935, 0.20789612508006014, 1.2735112877570532e-08]
[0.8549914873866682, 0.20787765564466476, 1.2302923356739837e-08]
[0.8548649364181197, 0.20789612508006014, 1.2732207292516869e-08]
[0.8568670202961889, 0.20778483923528743, 1.273415509166529e-08]
[0.8534145342759003, 0.20763084445399732, 3.9417514328403806e-09]
[0.8549099376214697, 0.20789612508006014, 1.2738397589958104e-08]
[0.8547278160023201, 0.20803654336943064, 1.2465860819756942e-08]
[0.8545909686415167, 0.20786003059288496, 1.0683746356476365e-08]
[0.8552295042542478, 0.20789612508006014, 1.2479862659536456e-08]
[0.8551111237554461, 0.20789612508006014, 1.2735132035847245e-08]
[0.8552398282472181, 0.20773843891327698, 9.13911836611882e-09]
[0.8542866098645802, 0.2078239131017994, 1.2471171193132424e-08]
[0.8541693601927678, 0.20821713581473716, 1.2735112877570532e-08]
[0.8546109662918803, 0.20789612508006014, 1.2735112877570532e-08]
[0.8544874475128402, 0.20798456645103533, 1.2723895517510993e-08]
[0.8528752928112971, 0.20789612508006014, 1.2735112877570532e-08]
[0.8555273960144697, 0.20789612508006014, 1.2467858945204932e-08]
[0.8565538433088473, 0.2069358403995567, 8.279551329950817e-09]
[0.8525061157602815, 0.20817522221731138, 7.957106394912295e-09]
[0.8549999539308946, 0.2078128845075564, 1.0767118585528715e-08]
[0.8545485127535493, 0.20789612508006014, 1.2738980725898429e-08]
[0.8523853691707594, 0.2080351411553449, 1.273415509166529e-08]
[0.8550815137871703, 0.20789612508006014, 1.2735112877570532e-08]
[0.8519600398643655, 0.20789612508006014, 1.2738365544635578e-08]
[0.8527869903998285, 0.2088795170967191, 1.2753021234762194e-08]
[0.8521119762593353, 0.20789612508006014, 1.2735112877570532e-08]
[0.8532480388732894, 0.20789612508006014, 1.2735112877570532e-08]
[0.8543029510279476, 0.20771520490403675, 1.2735112877570532e-08]
[0.8539984905172215, 0.2079080759778926, 4.932640850702585e-09]
[0.8538804173244735, 0.20789612508006014, 1.2735112877570532e-08]
[0.8554314456682067, 0.20786063904797508, 1.247115993799698e-08]
[0.8551574744305241, 0.20789612508006014, 1.2735112877570532e-08]
[0.8541759261555301, 0.20879211996389488, 1.2735112877570532e-08]
[0.8555378952821392, 0.2077287644835652, 6.524477637312499e-09]
[0.8553656095139692, 0.20824959281636052, 1.2299942648663677e-08]
[0.8537204152050549, 0.20803150046552601, 7.775359411797092e-09]
[0.8536034148641107, 0.20789612508006014, 1.2737254120531824e-08]
[0.8541750381712842, 0.20847949164355078, 1.2734170536102184e-08]
[0.8549285905323559, 0.2078602081394787, 1.247115993799698e-08]
[0.8556946550347526, 0.20789612508006014, 1.2734875163834234e-08]
[0.8535860068931735, 0.20789612508006014, 1.2735112877570532e-08]
[0.8522496880059617, 0.2091298470586188, 1.2735112877570532e-08]
[0.853485356965654, 0.20789612508006014, 1.273072789320292e-08]
[0.8538887564821936, 0.20789012247649336, 7.491583742167643e-09]
[0.8496231490665556, 0.1850076160412327, 1.247115993799698e-08]
[0.847278260812521, 0.19047998530083304, 1.2468899223144626e-08]
[0.8413734640101257, 0.18737076509041056, 1.0475476596474433e-09]
[0.8487347198679209, 0.1833846494909482, 1.247115993799698e-08]
[0.8443622765588958, 0.18384698364460691, 1.2731265542430503e-08]
[0.8385521719609996, 0.1915584908428147, 1.273415510167922e-08]
[0.8483139366749235, 0.18726687752354074, 1.2320108869571212e-08]
[0.8509283274145027, 0.1862716058477408, 1.2735112877570532e-08]
[0.8402319304976053, 0.19854149490807504, 1.247115993799698e-08]
[0.8647827281673157, 0.22223023629649585, 1.0394375457748427e-08]
[0.8668055235944694, 0.2200136868888951, 1.247348237304696e-08]
[0.8331676249297075, 0.22794874247123637, 1.2473512879807206e-08]
[0.843672331511319, 0.2322548430670617, 1.2471186821364152e-08]
[0.8449880989231454, 0.22964078546326833, 1.273415509166529e-08]
[0.8448747393694036, 0.23108377784556447, 1.273415509166529e-08]
[0.8388814327244728, 0.2153552629755647, 1.2471197813699163e-08]
[0.8431692193965565, 0.20548050411398489, 1.247115993799698e-08]
[0.8420642540800943, 0.21778826627775183, 1.247115993799698e-08]
[0.8505500806036318, 0.2070939695307848, 5.6402363753404676e-09]
[0.850775675315372, 0.2068170132065625, 1.273415509166529e-08]
[0.8676942102965506, 0.1834644746152182, 1.8716713883796787e-09]
[0.8676942102965506, 0.18640727428430343, 1.247348237304696e-08]
[0.8605319229637012, 0.1891849232396559, 1.2471164584757431e-08]
[0.8502993372670609, 0.20925996728510174, 1.247115993799698e-08]
[0.8415140192634758, 0.21775277603488682, 1.247115993799698e-08]
[0.8468658359102748, 0.2114848923652255, 1.2473450248964799e-08]
[0.8482430629412977, 0.2118079571872864, 1.2473373337671294e-08]
[0.8499619699510365, 0.20621230815474412, 1.247348237304696e-08]
[0.8587153540940125, 0.18477985603629846, 1.080123425529028e-08]
[0.850869379165198, 0.18866338925183715, 1.273415509166529e-08]
[0.8576398636537301, 0.18950248994455948, 1.2471214511089868e-08]
[0.8482319322970135, 0.18992609280864048, 1.1964487278338041e-08]
[0.8471342251630598, 0.21138051416958967, 1.2471200256085036e-08]
[0.8454575590768951, 0.20642371470280158, 1.2738377860255203e-08]
[0.8423973754497753, 0.20693189437804105, 1.1041825284849923e-08]
[0.8394257347037938, 0.21339867169172427, 2.895377786389089e-09]
[0.845229734625063, 0.2032732263062785, 1.1980430712063055e-08]
[0.8676942102965506, 0.19677405505336454, 1.247348237304696e-08]
[0.8676691483812535, 0.19822986813794483, 1.2473485163007477e-08]
[0.8543356705481393, 0.19448480223448092, 1.0384750716994666e-08]
[0.8591820431631221, 0.1988041782289753, 1.273415509166529e-08]
[0.8519633903434508, 0.18976738859946063, 1.2467770291214603e-08]
[0.857560930041975, 0.18727565171300883, 1.247115993799698e-08]
[0.8620659170345224, 0.1875188471352177, 1.2473431510784644e-08]
[0.8521472885578497, 0.18733351017327074, 7.136149536862569e-09]

non_dom_solutions_y:
[0.0523013  0.11870299 5.69890854]
[0.72369893 0.11871412 4.83027305]
[0.88898106 0.08084208 4.2055293 ]
[8.78612851e-01 1.38995496e-03 4.32081599e+00]
[7.61366114e-01 2.40870032e-03 4.64604150e+00]
[0.77911849 0.25070725 4.11460892]
[7.17035039e-01 4.76078008e-03 4.95029878e+00]
[0.74152413 0.24716972 4.35115925]
[0.70395658 0.25070725 4.62703252]
[7.43961328e-01 4.46985685e-03 4.76339076e+00]
[0.85323121 0.11845195 4.08426626]
[0.71793586 0.26199571 4.52410298]
[0.7498695 0.0178213 4.6997487]
[0.76447451 0.01781486 4.60567975]
[3.15373349e-04 1.27843662e-03 5.99888015e+00]
[2.01562249e-04 5.27644858e-05 5.99985623e+00]
[0.84333073 0.11845195 4.09219722]
[0.83795528 0.12647444 4.08090264]
[0.8443512  0.13477698 4.05233466]
[1.91860891e-06 7.26437078e-06 5.99999115e+00]
[0.73811461 0.11845195 4.57669098]
[8.42026814e-01 5.69918902e-04 5.36622380e+00]
[0.8510131  0.16433988 3.98112398]
[1.91860891e-06 2.06284356e-06 5.99999637e+00]
[0.85095464 0.17763666 3.95547548]
[9.41554148e-07 9.60712641e-08 5.99999930e+00]
[0.85210472 0.17763666 3.95476656]
[0.8523464  0.17992923 3.95050173]
[0.85241132 0.17881612 3.95245946]
[7.31370118e-09 6.59051269e-08 5.99999996e+00]
[0.85241132 0.17828504 3.95341838]
[0.85242174 0.17828119 3.95341888]
[0.85243214 0.17828119 3.95341321]
[0.85243214 0.1782369  3.9534934 ]
[0.85101759 0.19354354 3.92884737]
[1.18305693e-09 5.77113074e-09 6.00000033e+00]
[0.85894448 0.19886419 3.91837063]
[7.31370118e-09 2.71373326e-08 6.00000030e+00]
[0.7350116  0.17998296 4.46505913]
[0.7251755  0.19729629 4.5084708 ]
[8.82784747e-01 7.27945859e-12 5.34327422e+00]
[0.7314077  0.17614274 4.49790765]
[0.86412844 0.22118058 3.89407968]
[1.18305693e-09 3.16562873e-09 6.00000033e+00]
[6.28839801e-09 2.03581766e-10 6.00000032e+00]
[7.64295596e-01 1.31134763e-03 4.62624142e+00]
[7.50923806e-01 9.37131551e-04 4.71254490e+00]
[0.85974418 0.2296466  3.88699762]
[0.83576649 0.22876813 3.90922918]
[0.81505771 0.22948336 3.96203516]
[0.86634952 0.22421135 3.89265851]
[0.83883449 0.22948336 3.90354814]
[0.85761962 0.22948336 3.88721892]
[0.85070616 0.22948814 3.89005254]
[0.84858423 0.22794874 3.89266038]
[0.84276489 0.22794874 3.89887556]
[0.85452258 0.2296466  3.8879268 ]
[0.85174413 0.2370307  3.8854801 ]
[6.28909134e-09 1.76086472e-10 7.13780349e+00]
[0.85422302 0.22794874 3.88913423]
[0.86049836 0.22886865 3.88752971]
[0.85209392 0.21780485 3.89829894]
[0.86732173 0.19123988 3.93210317]
[0.86732173 0.18265957 3.94622891]
[0.8566101  0.21570905 3.89852735]
[0.85230659 0.2145289  3.9013787 ]
[0.84905769 0.21400993 3.90412484]
[0.8507933  0.20598347 3.91192065]
[0.8570072  0.21767997 3.89654814]
[0.85863483 0.21181621 3.9022846 ]
[0.85329836 0.22206747 3.89391994]
[0.85609173 0.21097519 3.90361428]
[0.85133556 0.21158718 3.90505989]
[0.85790854 0.21378422 3.9002588 ]
[0.84783428 0.21359385 3.905602  ]
[0.8583891  0.20874708 3.90575367]
[0.8523496  0.21770891 3.89824506]
[0.8565035  0.20988759 3.90473328]
[0.84531809 0.20661954 3.91598759]
[0.85739421 0.21770891 3.89645414]
[0.85877929 0.21280478 3.90121461]
[0.8484926  0.21770891 3.90095164]
[0.85507548 0.20789613 3.90744571]
[0.85835502 0.2040181  3.91152287]
[0.84667579 0.20789613 3.91304088]
[0.85168833 0.20723532 3.90982958]
[0.85507152 0.20789613 3.90744697]
[0.85437124 0.20601412 3.90997328]
[0.85953256 0.20390072 3.91163049]
[0.85361117 0.20598187 3.91033514]
[0.84770207 0.20742144 3.91262842]
[0.84908751 0.20789613 3.91087441]
[0.85062885 0.20886162 3.90859446]
[0.85474477 0.20789613 3.9075621 ]
[0.85875774 0.20455028 3.9108206 ]
[0.85990938 0.20572395 3.90934831]
[0.85743521 0.20419958 3.91140057]
[0.8326488  0.20019823 3.94423793]
[0.85084875 0.20789613 3.90957622]
[0.85315588 0.20810694 3.90799196]
[0.8513734  0.20859768 3.90841237]
[0.85250939 0.20789613 3.90857324]
[0.85476141 0.20629085 3.9094864 ]
[0.85426586 0.20702334 3.90878778]
[0.85255232 0.20742988 3.90910448]
[0.85556019 0.20674138 3.90867274]
[0.85493598 0.20907221 3.90611919]
[0.85433205 0.20789613 3.90771951]
[0.85206991 0.20784829 3.90887455]
[0.85287121 0.20789613 3.90838322]
[0.85282484 0.20789613 3.90840681]
[0.85275334 0.20789613 3.90844375]
[0.853806   0.20656715 3.90953296]
[0.85170026 0.2093388  3.90735371]
[0.85354592 0.208816   3.9069777 ]
[0.85380099 0.20789613 3.90794152]
[0.85381495 0.20789613 3.90793541]
[0.85369705 0.20789613 3.90798755]
[0.85464199 0.20823356 3.90720203]
[0.85335022 0.20789613 3.90814725]
[0.85509563 0.20789613 3.90743886]
[0.85198111 0.20807067 3.90866306]
[0.85419684 0.20811225 3.90751881]
[0.85339836 0.20763591 3.9084332 ]
[0.85544167 0.20603422 3.90957135]
[0.85337857 0.20789613 3.90813383]
[0.85327562 0.20789613 3.90818281]
[0.85470723 0.20789613 3.90757594]
[0.85376735 0.20789613 3.90795633]
[0.8555356  0.20764056 3.90760107]
[0.85368553 0.20774759 3.9081687 ]
[0.85484656 0.20813337 3.90724542]
[0.85232084 0.21011044 3.9061164 ]
[0.85224455 0.2068305  3.90999317]
[0.85416585 0.20789613 3.90778662]
[0.85571395 0.20789613 3.90724508]
[0.85499149 0.20787766 3.90749633]
[0.85486494 0.20789613 3.90751887]
[0.85686702 0.20778484 3.9070954 ]
[0.85341453 0.20763084 3.90843139]
[0.85490994 0.20789613 3.90750294]
[0.85472782 0.20803654 3.90740248]
[0.85459097 0.20786003 3.90766191]
[0.8552295  0.20789613 3.90739439]
[0.85511112 0.20789613 3.90743368]
[0.85523983 0.20773844 3.90757778]
[0.85428661 0.20782391 3.90782313]
[0.85416936 0.20821714 3.90740665]
[0.85461097 0.20789613 3.90761173]
[0.85448745 0.20798457 3.90755417]
[0.85287529 0.20789613 3.90838114]
[0.8555274  0.20789613 3.9073004 ]
[0.85655384 0.20693584 3.90817687]
[0.85250612 0.20817522 3.90824571]
[0.85499995 0.20781288 3.90757007]
[0.85454851 0.20789613 3.90763533]
[0.85238537 0.20803514 3.90847659]
[0.85508151 0.20789613 3.90744367]
[0.85196004 0.20789613 3.90888144]
[0.85278699 0.20887952 3.90727486]
[0.85211198 0.20789613 3.90879387]
[0.85324804 0.20789613 3.90819608]
[0.85430295 0.2077152  3.90794554]
[0.85399849 0.20790808 3.90784204]
[0.85388042 0.20789613 3.90790692]
[0.85543145 0.20786064 3.90737191]
[0.85515747 0.20789613 3.90741817]
[0.85417593 0.20879212 3.90673219]
[0.8555379  0.20772876 3.90749539]
[0.85536561 0.20824959 3.90693391]
[0.85372042 0.2080315  3.90781706]
[0.85360341 0.20789613 3.90802974]
[0.85417504 0.20847949 3.90709681]
[0.85492859 0.20786021 3.90753889]
[0.85569466 0.20789613 3.90725067]
[0.85358601 0.20789613 3.90803766]
[0.85224969 0.20912985 3.90727494]
[0.85348536 0.20789613 3.90808391]
[0.85388876 0.20789012 3.90791027]
[0.84962315 0.18500762 3.94348948]
[0.84727826 0.19047999 3.9365682 ]
[0.84137346 0.18737077 3.94848192]
[0.84873472 0.18338465 3.94695894]
[0.84436228 0.18384698 3.95054405]
[0.83855217 0.19155849 3.94604045]
[0.84831394 0.18726688 3.94079839]
[0.85092833 0.18627161 3.94044432]
[0.84023193 0.19854149 3.93312064]
[0.86478273 0.22223024 3.89346642]
[0.86680552 0.22001369 3.89636555]
[0.83316762 0.22794874 3.91474375]
[0.84367233 0.23225484 3.89512703]
[0.8449881  0.22964079 3.89510855]
[0.84487474 0.23108378 3.89437223]
[0.83888143 0.21535526 3.91495213]
[0.84316922 0.2054805  3.91991706]
[0.84206425 0.21778827 3.90793806]
[0.85055008 0.20709397 3.91073628]
[0.85077568 0.20681701 3.91091633]
[0.86769421 0.18346447 3.94508037]
[0.86769421 0.18640727 3.94011763]
[0.86053192 0.18918492 3.93292978]
[0.85029934 0.20925997 3.90836463]
[0.84151402 0.21775278 3.90872245]
[0.84686584 0.21148489 3.90876544]
[0.84824306 0.21180796 3.90714101]
[0.84996197 0.20621231 3.91222626]
[0.85871535 0.18477986 3.94014939]
[0.85086938 0.18866339 3.93656904]
[0.85763986 0.18950249 3.9324936 ]
[0.84823193 0.18992609 3.93657791]
[0.84713423 0.21138051 3.90862052]
[0.84545756 0.20642371 3.91607375]
[0.84239738 0.20693189 3.91913618]
[0.83942573 0.21339867 3.91610045]
[0.84522973 0.20327323 3.92027996]
[0.86769421 0.19677406 3.92403596]
[0.86766915 0.19822987 3.92194553]
[0.85433567 0.1944848  3.92568777]
[0.85918204 0.19880418 3.91844805]
[0.85196339 0.18976739 3.93411791]
[0.85756093 0.18727565 3.93610801]
[0.86206592 0.18751885 3.93585611]
[0.85214729 0.18733351 3.93794234]
