0.8873497890957419
0.8873497890957419
0.8873497890957419
0.8873497890957419
0.8873497890957419
0.8873497890957419
0.8873497890957419
0.8873497890957419
0.8873497890957419
0.8873497890957419
0.8873497890957419
0.8873497890957419
0.8873497890957419
0.8873497890957419
0.8873497890957419
0.8873497890957419
0.8873497890957419
0.8873497890957419
0.8873497890957419
0.8873497890957419
0.8873497890957419
0.8873497890957419
0.8873497890957419
0.8873497890957419
0.8873497890957419
0.8873497890957419
0.8873497890957419
0.8873497890957419
0.8873497890957419
0.8873497890957419
0.8873497890957419
0.8873497890957419
0.883638446823758
0.8719097249787078
0.8719097249787078
0.8719097249787078
0.8719097249787078
0.8719097249787078
0.8438280158225001
0.8438280158225001
0.8438280158225001
0.8434895380880025
0.8434895380880025
0.733934898149591
0.7273146936682658
0.7266269809085458
0.7266269809085458
0.7190249359803778
0.7190249359803778
0.7151086488632952
