ID: 20231205172524_745

Problem: dtlz6
Number of objects: 3
Number of variables: 3

Algorithm choice: 2
Algorithm phase strategy: global + local
First phase rate: 0.5
Population size: 15
Maximum number of function evaluations: 50

IGD: 0.7151086488632952
GD: 0.740994093217481
HV: 0.0
Time cost: 98.36483764648438

non_dom_solutions:
[0.6582156221597695, 0.7400086548465049, 0.6105527785734813]
[0.4739919384975813, 0.3267441865593448, 0.03433261350933654]
[0.5699690016906136, 0.2641352223861469, 0.528652184206847]
[0.4648834427520371, 0.9082514552731092, 0.5886308773950463]
[0.3304954674284941, 0.7125295208780806, 0.3538633363076492]
[0.05101854982985797, 0.48714920965905795, 0.47264068452622654]
[0.01565562469415336, 0.546371506790955, 0.5535644641034531]
[0.5951735060795752, 0.16112710873890418, 0.40647899971155377]
[0.7769485714510428, 0.012283956248012894, 0.10774629979544456]
[0.6489122696882628, 0.8027844525658019, 0.8582650138762199]
[0.8191271081045508, 0.6659254368235673, 0.0932784386299814]
[0.08225507040673817, 0.5684602487622819, 0.968220160533121]
[0.5264738158764506, 0.8939186266584508, 0.16726034105217136]
[0.9994573529722192, 0.9344089361401882, 0.07499008402408996]
[0.6074141038095204, 0.6659254368235673, 0.025339907777798487]
[0.16208036002370502, 0.9933238482123529, 0.07525791293908096]
[0.07072519104567493, 0.08819832442144279, 0.017709020679442244]
[0.10532270537898775, 0.08819832442144279, 0.005478373065351927]
[0.19756204919132672, 0.012225590957826271, 2.9597342898427664e-05]
[0.22640978173203355, 0.004199086794690887, 2.9597342898427664e-05]
[0.17302505014554914, 0.0031451882529797692, 2.9597342898427664e-05]
[0.22626786887065348, 9.739268287639602e-05, 2.9597342898427664e-05]
[0.2572672342198118, 9.739268287639602e-05, 2.9597342898427664e-05]
[0.19176994688090918, 9.739268287639602e-05, 2.9597342898427664e-05]
[0.27206516841315953, 0.0001888289610950996, 2.9597342898427664e-05]

non_dom_solutions_y:
[0.5649447  0.82304561 1.67725502]
[0.98625726 0.78466004 1.16132798]
[0.99610383 0.69035888 1.51260758]
[0.66160549 1.29203569 1.29966261]
[0.96875398 1.3366846  0.94331524]
[1.37191975 1.34551908 0.15432788]
[1.32381304 1.42085982 0.04776664]
[0.98002973 0.57582289 1.53981307]
[0.55779555 0.26590677 1.69090341]
[0.54305083 0.88691405 1.69057305]
[0.31155753 0.39287881 1.71710702]
[1.32302032 1.47327463 0.25727808]
[0.60001094 1.08896693 1.35128619]
[7.08310100e-04 1.33385322e-03 1.77179155e+00]
[0.61450601 0.76183086 1.38070285]
[0.74251073 1.54587045 0.44630175]
[1.43341303 0.83280947 0.18493263]
[1.34510509 0.81421761 0.26252857]
[1.07320121 0.71193075 0.41300811]
[1.05880658 0.69738261 0.47092257]
[1.08833561 0.71615884 0.36307582]
[1.06006381 0.69566135 0.47063993]
[1.03965496 0.68226815 0.53179852]
[1.07981962 0.708626   0.40127387]
[1.029015   0.67534084 0.56055759]
