0.5547594334294628
0.5547594334294628
0.5547594334294628
0.5547594334294628
0.5547594334294628
0.5547594334294628
0.5547594334294628
0.5547594334294628
0.5547594334294628
0.5547594334294628
0.5547594334294628
0.5547594334294628
0.5547594334294628
0.5547594334294628
0.5547594334294628
0.5547594334294628
0.5547594334294628
0.5547594334294628
0.5547594334294628
0.5547594334294628
0.5547594334294628
0.5547594334294628
0.5547594334294628
0.5547594334294628
0.5547594334294628
0.5547594334294628
0.5547594334294628
0.5547594334294628
0.5547594334294628
0.5547594334294628
0.5547594334294628
0.5547594334294628
0.4529868078079338
0.4529868078079338
0.36828263760966795
0.36828263760966795
0.36828263760966795
0.36828263760966795
0.36828263760966795
0.36828263760966795
0.36828263760966795
0.36828263760966795
0.36828263760966795
0.36828263760966795
0.36828263760966795
0.36828263760966795
0.36828263760966795
0.36828263760966795
0.36828263760966795
0.36828263760966795
0.36828263760966795
0.36828263760966795
0.35247890736382703
0.35247890736382703
0.35247890736382703
0.35247890736382703
0.35157409145486634
0.35076197915702684
0.35076197915702684
0.35076197915702684
0.35076197915702684
0.35075715022827003
0.35043346398628616
0.35043346398628616
0.33883993444603183
0.33880767407286844
0.33880767407286844
0.3370250871321857
0.3344632559848794
0.3344632559848794
0.3344632559848794
0.3344632559848794
0.3344632559848794
0.3344632559848794
0.3344632559848794
0.3344632559848794
0.3344632559848794
0.3344632559848794
0.3344632559848794
0.3344632559848794
0.3344632559848794
0.3327552637513054
0.3333531707321524
0.3333531707321524
0.3333531707321524
0.3333531707321524
0.3333531707321524
0.3333531707321524
0.33332963149418965
0.33332825425814705
0.33332825425814705
0.33332825425814705
0.33332825425814705
0.3333275004933809
0.3333275004933809
0.3333275004933809
0.3333275004933809
0.3333275004933809
0.3333275004933809
0.3333275004933809
0.3333275004933809
0.3333275004933809
0.3333275004933809
0.3333275004933809
0.3333275004933809
0.3333275004933809
0.3333275004933809
0.3333275004933809
0.3333275004933809
0.32561445829684726
0.32108327908711093
0.32108327908711093
0.32108327908711093
0.32108327908711093
0.32108327908711093
0.3210801412178529
0.3210801412178529
0.32108027232320174
0.3210160673202257
0.3210160673202257
0.3200801158357189
0.3200801158357189
0.3200789253740644
0.3200789253740644
0.31913513361169926
0.3191345066290336
0.31913660775326375
0.31913660775326375
0.31913654059006785
0.3191096337235644
0.3191093591718329
0.3181893474335325
0.31818932536240324
0.31514362549791297
0.31185107617987745
0.31185107617987745
0.31185090229004364
0.3118509038760882
0.30538861418847024
0.3053412576218748
0.30379627922682495
0.30377477827492827
0.30209087079282304
0.30209087079282304
0.30209087079282304
0.30208323462784253
0.30173393214155647
0.3015892839204583
0.30145856676350796
0.30145856676350796
0.3008830235804755
0.29700530369791994
0.29699838435654463
0.29698090818862455
0.29691228627630584
0.2969037888580792
0.29686918040134563
0.2968008781070897
0.29680075109995296
0.2965102418633472
0.29650842430123503
0.29645783779280777
0.2961977477965624
0.2961977455503911
0.2961823032568776
0.2947058383135773
0.2945941033053331
0.2945934853516176
0.2945712424226305
0.29457124298392945
0.29405534185147897
0.2940489063885522
0.2940489063885522
0.2940489063885522
0.294047363946963
0.29404734835927404
0.29404734835927404
0.29404734835927404
0.2926989105791058
0.2926989105791058
0.2926977424918431
0.29140672946710255
0.2913146457715078
0.29120039550821575
0.29119836019295303
0.2911955181223812
0.2911955181223812
0.29114184516748354
0.29014161834637253
0.2901135394082114
0.2901100690228224
0.2901082701227216
0.28998454465323986
0.28998454465323986
0.28998454465323986
0.2895155485837507
0.28950754484910607
0.28944649233934255
0.28944649233934255
0.28906796528232925
0.28906796528232925
0.2890317179528977
0.2890308860889251
0.28885337009005796
0.2887796080422408
0.2887795923541169
0.2887755578035212
0.28856999060452093
0.28843954404581856
0.28843632045973333
0.28840998712511223
0.28812201812620064
0.2881214393259729
0.2881214393259729
0.2881214342407679
0.2881214342407679
0.2877094710626901
0.2877094710626901
0.2876905015210551
0.2876905015210551
0.28754674712163436
0.28753817508710017
0.28753404688987544
0.28753377600595104
0.2875318353741751
0.28753104068325047
0.28765726007367237
0.28765726007367237
0.2874732791940921
0.2874732791940921
0.2874295928832769
0.2874297124892425
0.2874258816089456
0.28742581966880026
0.2873891120797396
0.2873793543811158
0.28690677598334285
0.2868757539175996
0.2867577376484352
0.2867577376484352
0.2867493837471877
0.2866668880000139
0.2866613981890639
0.2866602486145908
0.2866600370204477
0.2866600370204477
0.2866600370204477
0.2866586156229181
0.2866550532294223
0.2865482035922316
0.2865303111544394
0.28649035537253387
0.28649035537253387
0.28649035532025546
0.2864897098113832
0.2864897098113832
0.2864897098113832
0.2864897098113832
0.2864897117740746
0.28648836928464166
0.28648836928464166
0.2864883409949623
0.2864883409949623
0.2864883337542844
0.286475375934576
0.286475375934576
0.28646536986516413
0.28646529515306335
0.28639563071121327
0.28639555688624757
0.28639494746736865
0.28635008015973684
0.28634759971677903
0.2862127078062151
0.28621252801516894
0.28621252801516894
0.2862052094614918
0.2862052094614918
0.28620058535172604
0.2861941197103341
0.2861941197103341
0.2861937378620306
0.2861937378620306
0.2861937378620306
0.2861921375337482
0.2861921375337482
0.28619212590937276
0.2861921258731893
0.28619200413191315
0.28619200413191315
0.28619200413191315
0.28619200202814393
0.28619200202814393
0.28619200202814393
0.28619200202814393
0.28619200202814393
0.28619200184234583
0.28619200177601645
0.28619108173194086
0.2861908107418882
0.2861908107418882
0.2861908107418882
0.28619081073702035
0.28619081073702035
0.28619081073702035
0.28619081073702035
0.28619081073702035
0.28619081073702035
0.28619081073702035
0.28618974681437287
0.28618974681437287
0.28618704882757945
0.28618704882757945
0.28618704882757945
0.2861870488275792
0.2861870488275792
0.2861870488275792
0.2861870488275792
0.2861870488275792
0.28618417068491314
0.28618417068491314
0.28618417068491314
0.28618417068491314
0.28618417068491314
0.28618417068491314
0.28618417068491314
0.28618417068491314
0.286184170683568
0.286184170683568
0.28617600340195337
0.28617600340195337
0.28617600340195337
0.2861760034013768
0.2861760034013768
0.2861760034013768
0.2861760034013768
0.2861760034013768
0.28617588905857205
0.2861676665980092
0.2861676665980092
0.2861676665980092
0.28616196720424286
0.28616196720424286
0.28616196720424286
0.28616196720424286
0.28616196720424286
0.28616153683682616
0.2861615368367955
0.2861615368367955
0.2861615368367955
0.2861615368367955
0.2861612780972642
0.2861610017852367
0.28616075978990857
0.28615923837431523
0.286159031788181
0.28615903178811397
0.28615903178811397
0.28615903178811397
0.28615903178811397
0.28615903178811397
0.28615903178811397
0.2861587301501079
0.28615872931834446
0.28615872931834446
0.2860919385253608
0.28608292161033094
0.28608292161033094
0.28608292161022525
0.28608292161022525
0.28608292161022525
0.28608292161022525
0.28608292161022525
0.28608292161022525
0.28608292161022525
0.2860829098262895
0.2860829098262895
0.2860829098261911
0.2860829098261911
0.2860829098261911
0.2860829098261911
0.2860829098261911
0.2860829098261911
0.2860829098261911
0.2860829098261911
0.2860829098261911
0.2860829098261911
0.2860829098261911
0.2860829098261911
0.2860829098261911
0.2860829098261911
0.2860829098261911
0.2860829098261911
0.2860829098261911
0.2860829098261911
0.2860829098261911
0.2860829098261911
0.2860829098261911
0.2860745488421221
0.2860745488421221
0.28604699202984557
0.28604699202984557
0.28604699202984557
0.28604699202984557
0.28604699202984557
0.28604699202984557
0.28604699202984557
0.28604699202984557
0.28604699202984557
0.28604699202984557
0.28604699202984557
0.2860469920298442
0.2860469920298442
0.28604699202979683
0.28604699202979683
0.28604699202979683
0.28604699202979683
0.28604699202979683
0.2860464763695421
0.2860464763695421
0.2860464763695421
0.2860464763695421
0.2860464763695421
0.2860464763695421
0.2860464763695421
0.28604647636949504
0.28604647636949504
0.28604647636949504
0.28604647636949504
0.28604647636949504
0.28604647636949504
0.2860464763694575
0.286045548817048
0.28604348321960604
0.28604348321960604
0.28604348321960604
0.28604348321960604
0.28604348321960604
0.28604348321960604
0.28604221010643993
0.28604205982695247
0.28604205982695247
0.28604205982695247
0.28604205982695247
0.28604205982695247
0.28604205982695247
0.28604205982695247
0.28604205982693626
0.28604205982693626
0.2860420598268905
0.2860420598268905
0.2860420598268905
0.28604205982688424
0.28604205982688424
0.28604205982688424
0.28604205982688424
0.28604205982688424
0.28604137209600033
0.2859468351760393
0.2859468351760393
0.28594657600073004
0.28594657600073004
0.28594657600073004
0.28594657600073004
0.28594657600073004
0.28594657600073004
0.28594657600073004
0.2858426356997859
0.28584263569964413
0.28584263569964413
0.28584263569964413
0.28584263569964413
0.28584263569964413
0.28584263569964413
0.28584263569964413
0.28584263569964413
0.28584263569964413
0.28584263569964413
0.28584263569964413
0.28584263569964413
0.28584126210074706
0.28584126210074706
0.28584126210074706
0.28584126210074706
0.28584126210074706
0.28584126210074706
0.28584126210074706
0.28584090348748015
0.28584090348748015
0.28584090348748015
0.28584090348748015
0.28584090348748015
0.28584090348748015
0.28584090348748015
0.28584090348748015
0.28584090348748015
0.28584090348748015
0.28584090348748015
0.28584090348748015
0.28584090348748015
