ID: 20231201132250_23668

Problem: dtlz7
Number of objects: 3
Number of variables: 3

Algorithm choice: 2
Rate: 0.5
Population size: 15
Maximum number of function evaluations: 500

IGD: 0.28584090348748015
GD: 0.0071856453356906585
HV: 0.8417797755049081
Time cost: 1409.8013820648193

non_dom_solutions:
[0.5568843593864806, 0.7190909537213763, 9.833768300919477e-05]
[0.7406795216007548, 0.2907557834478061, 0.013884655813027946]
[0.24512725036130306, 0.1867518465849775, 9.833768300919477e-05]
[0.7419634004329441, 0.23087623155455983, 0.013829768689254673]
[0.2866560957804132, 0.1309453163328558, 5.811656576781843e-05]
[0.2866560957804132, 0.1309453163328558, 5.811656576781843e-05]
[0.22047298839674934, 0.23087623155455983, 5.811656576781843e-05]
[0.2434573611273095, 0.23040682770819146, 4.662367902431505e-05]
[0.2435674381940675, 0.19776655620198763, 4.6583708628713716e-05]
[0.2866560957804132, 0.15359805700636284, 5.3236732649897256e-05]
[0.24332660402093378, 0.19776655620198763, 5.9103738052732394e-05]
[0.30031422903608124, 0.14835903282824653, 2.4600161821631587e-05]
[0.24038234449821302, 0.10534167575142353, 5.802830369586272e-06]
[0.22135280817586928, 0.2294951356791023, 5.312534691777014e-05]
[0.2769507469795082, 0.19574193497814693, 4.657853493590923e-05]
[0.18755094451657023, 0.18832707227399798, 5.9084152463476996e-05]
[0.186864265209997, 0.18934491050383334, 5.910994102242347e-05]
[0.24383022467681192, 0.22950119779025877, 5.384792139617537e-05]
[0.2450278025364448, 0.18843031488331347, 5.7115691292839674e-05]
[0.24349127469432752, 0.09132163590746895, 4.966913098041071e-05]
[0.18755094451657023, 0.18842949076472257, 5.708217742748044e-05]
[0.261042670041424, 0.12147106463328253, 5.802830369586272e-06]
[0.18143535628687113, 0.18451008952393852, 3.762558857627052e-05]
[0.18755094451657023, 0.23416849610785134, 5.9084152463476996e-05]
[0.18755094451657023, 0.18848280526972852, 5.938520992941354e-05]
[0.1574324778498845, 0.18842949076472257, 5.707853118935059e-05]
[0.20601671860855003, 0.09115291940493711, 5.910139309846669e-05]
[0.2436376556602112, 0.09196376531575295, 9.998622753242265e-05]
[0.18143535628687113, 0.18439204143169996, 9.810438639034944e-05]
[0.09229464401662052, 0.18832707227399798, 5.908160909358073e-05]
[0.18143535628687113, 0.21562864875274868, 9.772926054983001e-05]
[0.09346085326161849, 0.169966572567626, 5.938520992941354e-05]
[0.03797707406983852, 0.19464232284395122, 6.554027620135627e-05]
[0.18689481790478818, 0.18842949076472257, 5.711895895453856e-05]
[0.09346085326161849, 0.18816182719779503, 5.938520992941354e-05]
[0.19869039894680068, 0.09115291940493711, 5.910139309846669e-05]
[0.11238014753715989, 0.16990271209998445, 5.938520992941354e-05]
[0.014609987771901367, 0.18805448510200454, 6.554027620135627e-05]
[0.18921022545415317, 0.18842949076472257, 5.712774732369516e-05]
[0.152946026548655, 0.18842949076472257, 2.2777071066660344e-05]
[0.005121109143017916, 0.19812095963298967, 5.938520992941354e-05]
[0.18438359555896922, 0.19932118533313176, 9.827114724495848e-05]
[0.02276082766627255, 0.1869661069332303, 0.00012661542916003916]
[0.10852147320352681, 0.18816182719779503, 5.938520992941354e-05]
[0.18532519805259198, 0.18816182719779503, 6.546566664257217e-05]
[0.01354857884986585, 0.21630700586820512, 6.54020851046611e-05]
[0.10852147320352681, 0.1845396255612738, 3.7727464894328234e-05]
[0.14036816300609917, 0.18832707227399798, 5.908160909358073e-05]
[0.016005531457360174, 0.1698730443215541, 0.00012661542916003916]
[0.1574324778498845, 0.18843084752057915, 5.7072980865488554e-05]
[0.18959934481831944, 0.1845396255612738, 3.7727464894328234e-05]
[0.1574324778498845, 0.08912467446131933, 5.707853118935059e-05]
[0.09402233819246363, 0.169966572567626, 5.938520992941354e-05]
[0.13422080445907597, 0.18305496239841687, 5.715083991297914e-05]
[0.1553479024551762, 0.18832707227399798, 5.9079468169738736e-05]
[0.14116413815696233, 0.08908574579865615, 2.2297064678301025e-05]
[0.14332599267862034, 0.18816182719779503, 4.222743306564582e-06]
[0.10836736965708808, 0.1849298446901097, 2.2490320196541898e-05]
[0.10686622279839815, 0.031990180334995344, 5.707853118935059e-05]
[0.09346085326161849, 0.24139207798856252, 5.938520992941354e-05]
[0.23990940729964286, 0.169966572567626, 5.938520992941354e-05]
[0.12249817737004903, 0.1552467073769167, 5.6955624096149894e-05]
[0.10849439205687338, 0.169966572567626, 3.60129554617229e-05]
[0.112368399681856, 0.18527160620979438, 9.09695909880642e-06]
[0.1766284095313377, 0.09115291940493711, 0.00013895905406018831]
[0.18972442052215172, 0.031990180334995344, 3.577430252300464e-05]
[0.14770170154823287, 0.08908574579865615, 2.0127423904881675e-05]
[0.10686622279839815, 0.01409615007658327, 5.707853118935059e-05]
[0.024240704092537334, 0.16812000822179637, 5.675014806163841e-05]
[0.03231466580851356, 0.169966572567626, 4.948997074692441e-05]
[0.09559706230482257, 0.1135244452070698, 2.1593661142896745e-05]
[0.09346085326161849, 0.1457947563653522, 5.699016522256932e-05]
[0.15642304586427863, 0.08912467446131933, 1.842586203054001e-05]
[0.151055785423374, 0.09100160007254646, 2.3871520378362335e-05]
[0.2088296581256085, 0.013910613186399218, 7.755401133012863e-06]
[0.15001848439095297, 0.21655257302140807, 3.4712767118521702e-06]
[0.1601679378254664, 0.08884029767742835, 2.1593661142896745e-05]
[0.11346197451008874, 0.08877665712989333, 1.8551867403912158e-05]
[0.07883084181387438, 0.07500294989934703, 8.85711022804349e-06]
[0.10387755011998316, 0.08877665712989333, 1.8610691268759573e-05]
[0.14770170154823287, 0.08912081901632583, 2.0128800020757077e-05]
[0.036220693110071076, 0.007612601902042278, 2.3856070519890088e-05]
[0.14770170154823287, 0.08908574579865615, 2.0127423904881675e-05]
[0.13993351480976837, 0.08515263707609513, 2.2315537632598227e-05]
[0.14770170154823287, 0.12536821907514117, 7.511729342758039e-06]
[0.10686914230579189, 0.09869454901420002, 1.856097485904545e-05]
[0.17586069792346176, 0.08908574579865615, 2.0127423904881675e-05]
[0.15913041638503472, 0.08862329581336995, 1.8638000902684672e-05]
[0.13882422342362538, 0.08515263707609513, 2.2315537632598227e-05]
[0.10688389957366015, 0.013672735560875109, 5.707853118935059e-05]
[0.0027165373827475053, 0.006894958628322075, 1.5052350060252023e-05]
[0.05515563186722057, 0.03169653235555634, 3.2457290725654865e-05]
[0.17501757916341817, 0.07516917681219998, 1.8610691268759573e-05]
[0.10242191220343194, 0.08867530199772616, 8.696096093872913e-06]
[0.07883084181387438, 0.009154265012476334, 8.93625513977686e-06]
[0.10242952178204733, 0.08867494320566158, 1.8495183788475028e-05]
[0.11685131248392863, 0.00012191271430126577, 3.2457290725654865e-05]
[0.1272331684238675, 0.08877665712989333, 2.5542154384379596e-06]
[0.004960968542212452, 0.09802907065732441, 1.5052350060252023e-05]
[0.10387755011998316, 0.12650073879660728, 4.260588149158543e-07]
[0.022008122598753788, 0.09802907065732441, 1.5052350060252023e-05]
[0.0027165373827475053, 0.006894958628322075, 1.5052350060252023e-05]
[0.0734326792037222, 0.01143930102095117, 1.7819622209941312e-05]
[0.23328604649634996, 0.0032254001446855307, 5.707853118935059e-05]
[0.00012893979866318572, 0.09676583162043109, 8.57977185319095e-06]
[0.03634314391381415, 0.007612601902042278, 2.3856070519890088e-05]
[0.10686622279839815, 0.031990180334995344, 5.707853118935059e-05]
[0.07968877141718989, 0.007612601902042278, 2.3856070519890088e-05]
[0.036883015091569396, 0.008865951995087537, 1.422668563068581e-05]
[0.004460560188151733, 0.07277861416758867, 8.85711022804349e-06]
[0.09783531086982329, 0.06676634771800768, 3.2457290725654865e-05]
[0.016278182730779953, 0.007612601902042278, 1.4962497507765814e-05]
[0.0734326792037222, 0.010605818634269376, 1.474273259840223e-05]
[0.07960527068227513, 0.01143930102095117, 1.783041034607479e-05]
[0.0005106243229185785, 0.00786822548765718, 5.286640613411649e-06]
[0.0005106243229185785, 0.002090241560653212, 1.4818698847842262e-05]
[0.0005106243229185785, 0.002123431799958783, 5.286640613411649e-06]
[0.05658629635369672, 0.000688108441629115, 1.4798762172764178e-05]
[0.09710017067723713, 0.007609189629147517, 1.5052350060252023e-05]
[0.001211852294229574, 0.006894958628322075, 2.8948431055389524e-06]
[0.016979248403957724, 0.05912239617007678, 1.4798762172764178e-05]
[0.01708336316667357, 0.0073167772809810995, 1.2410820088349073e-05]
[0.01223606879131523, 0.03384119777046323, 1.4797257400580343e-05]
[0.022965831143208205, 0.002123431799958783, 1.2088075728191621e-05]
[0.05673952975394553, 0.10632399615212373, 1.4950170213247947e-05]
[0.0011710784982898754, 0.0018052970356545253, 2.8948431055389524e-06]
[2.2432570866252888e-05, 0.06121189164556851, 1.4962497507765814e-05]
[0.0005106243229185785, 0.0013263064043902298, 1.2402203100591857e-05]
[0.04513315852289489, 0.007613836284171371, 1.4972558363414564e-05]
[0.0004933010286559678, 0.043737947521295534, 1.2451064760146952e-05]
[0.0005106243229185785, 0.0013480058825383694, 1.4574883572487778e-06]
[0.002536275661790646, 0.000919270077332193, 1.1563033873510155e-06]
[3.260403361371911e-05, 0.00068643484760108, 1.1989263200075172e-05]
[0.03118726249205282, 0.002090241560653212, 1.4798694289036495e-05]
[2.0426584912545336e-06, 2.598807469168167e-07, 2.4751331118880986e-08]
[0.0029593069136123664, 3.875533973712549e-06, 2.4751331118880986e-08]
[0.0029677646613261517, 2.598807469168167e-07, 2.4751331118880986e-08]
[4.2379900079408516e-05, 0.00012476270604338266, 3.0535433398516766e-06]
[3.260403361371911e-05, 0.00068643484760108, 1.1989263200075172e-05]
[5.063640629152871e-07, 2.598807469168167e-07, 2.0487849633414546e-09]
[4.3012465602365e-08, 4.173456912844693e-08, 2.0487849633414546e-09]
[0.016272660888723273, 4.819732385511703e-06, 1.8754557775722708e-07]
[0.030351650885799886, 2.2120850650626583e-06, 1.8748710080378176e-07]
[0.0005106243229185785, 0.0013263064043902298, 1.2402203100591857e-05]
[0.010088832710098208, 2.598807469168167e-07, 1.4077096471869124e-09]
[0.06603224124798758, 2.593314867137145e-09, 4.3110875208767745e-06]
[5.063640629152871e-07, 1.3478530512861375e-05, 5.0598631044415655e-08]
[3.824333523521109e-05, 0.00012476270604338266, 3.0535433398516766e-06]
[7.069035808468083e-09, 0.09188656914887647, 2.5003367222065096e-09]
[1.991661888922809e-07, 1.6560702114973682e-06, 3.117027259601112e-09]
[4.930872734633879e-07, 1.3478530512861375e-05, 5.0598631044415655e-08]
[0.08182680223431717, 0.0155275664712476, 8.504142765115537e-10]
[7.836005857319537e-09, 1.6927957112015692e-06, 5.399643330513312e-09]
[0.010894366918290724, 2.612972571517805e-07, 3.2567133333857964e-09]
[0.06522014778037534, 2.593314867137145e-09, 3.221351611861319e-09]
[0.11856881192146687, 1.858291420484418e-08, 2.089533738449158e-09]
[6.584923848634383e-10, 0.01907933861369334, 3.221522335653624e-09]
[0.020429055386331677, 5.114849389730814e-10, 3.221351611861319e-09]
[7.863277378796576e-09, 0.005291653947527696, 3.1178970540630037e-09]
[7.836005857319537e-09, 0.01002045378683572, 3.2978774525277504e-09]
[0.005143127606296884, 1.783955924023929e-08, 3.1178970540630037e-09]
[7.836005857319537e-09, 0.03854909564501871, 3.221351611861319e-09]
[0.05593944850794265, 2.593314867137145e-09, 3.2088245892486947e-09]
[0.011830193280311888, 9.170775173492468e-10, 6.868893386927215e-10]
[7.836005857319537e-09, 0.017546191302614006, 3.221351611861319e-09]
[0.01048059682678138, 2.5948611863805327e-09, 1.2402239055315752e-09]
[7.836005857319537e-09, 0.12431788107289575, 3.221351611861319e-09]
[7.12420914461983e-09, 0.17576989023645767, 3.207368107100735e-09]
[2.4504551852316348e-09, 0.0009348585094569304, 3.2130323466511807e-09]
[0.0015747900703029852, 3.6510109433575425e-09, 6.639335105828953e-10]
[0.03026273212556545, 3.662484839290963e-09, 7.082616605489689e-10]
[2.0885055556453738e-10, 0.00031701359437330854, 4.778822403892266e-10]
[0.006414819813144747, 1.523169935112602e-09, 3.221351611861319e-09]
[0.0003915715878097934, 4.2380207941435295e-09, 3.221351611861319e-09]
[0.005224090639205383, 2.628108225283965e-09, 1.2402239055315752e-09]
[0.0022073315849678995, 4.250848891815117e-09, 7.808425814602336e-10]
[0.008934147707665131, 2.6385365951293997e-09, 3.1581290597270905e-09]
[0.0007848924079645889, 2.6104652237912556e-09, 6.672634461314641e-10]
[0.0014791809734724414, 3.6342948754261942e-09, 3.04428945788463e-10]
[0.001507188218176255, 1.8137907269113419e-09, 6.639335105828953e-10]
[0.001265251867125241, 2.6106178789506973e-09, 1.2402239055315752e-09]
[2.0459515033360096e-10, 0.002136832571658695, 3.8340695687611594e-10]
[0.003999929025932647, 1.783955924023929e-08, 2.0466983687534214e-09]
[4.402604961436621e-11, 3.6257939158146926e-09, 7.475543871673393e-12]
[0.11563800273897736, 0.00833833438690272, 3.088636754384179e-10]
[2.0764710294789715e-10, 0.15205226123448548, 3.088641743888587e-10]
[0.0013768538996713335, 2.633352494451416e-09, 9.975181919965819e-10]
[2.0885055556453738e-10, 0.0030077705321069933, 6.639335105828953e-10]
[0.0006342742822672685, 0.004890228719717659, 6.363597928580111e-10]
[0.0005076786122338382, 2.661978706117564e-09, 1.9315029052834316e-10]
[0.0008682574955764597, 2.6616523460851855e-09, 6.639335105828953e-10]
[4.456684176462857e-11, 2.250426200230142e-10, 6.679188001201084e-10]
[2.05162329747925e-10, 0.05924726914273383, 2.1033163549020626e-10]
[5.848681080856424e-11, 2.68629622061078e-09, 4.7886292286600124e-12]
[5.848681080856424e-11, 2.68629622061078e-09, 4.7886292286600124e-12]
[0.037056445101447566, 2.6711709757738683e-09, 3.04428945788463e-10]
[0.10262057842681188, 2.665246392063887e-09, 2.6295727345501875e-12]
[2.7170520012871277e-12, 2.3352582337072997e-09, 2.6301506592436356e-10]
[0.07325474756053925, 3.619752387206624e-09, 3.088641743888587e-10]
[0.014882659158419208, 3.61814716089444e-09, 3.04886051288732e-10]
[4.402604961436621e-11, 4.241159386925034e-09, 9.220083796135565e-13]
[4.420826978444669e-11, 4.241159386925034e-09, 2.2900716764253383e-13]
[5.848681080856424e-11, 2.68629622061078e-09, 4.7886292286600124e-12]
[5.848681080856424e-11, 2.6749731311742987e-09, 4.7886292286600124e-12]
[2.1443139527676606e-10, 1.3221538505624946e-09, 7.475543871673393e-12]
[1.6003656814862076e-10, 1.375825155613848e-09, 2.6009443143429167e-11]
[2.0885055556453738e-10, 3.3826476708949162e-09, 8.283618346104276e-12]
[4.4128802911631876e-11, 0.07027655843317088, 4.7886292286600124e-12]
[0.16808887617995985, 0.04966240075314147, 2.4832577666687632e-11]
[0.05433465805519983, 3.623297624710111e-09, 2.13441572901017e-10]
[2.0904646532242124e-10, 1.375825155613848e-09, 7.774458792272929e-13]
[9.036034001827759e-12, 1.9769889410324828e-09, 0.02680407073215997]
[5.848681080856424e-11, 2.68629622061078e-09, 4.7886292286600124e-12]
[0.014329440706944686, 4.205527352093215e-09, 8.605929287295709e-13]
[0.1585615407173267, 3.619752387206624e-09, 2.6673788612246247e-11]
[2.098406151824007e-10, 1.0490375283938376e-10, 1.2334434879424938e-11]
[5.759195531949232e-11, 1.3887698167332164e-09, 4.814206855602777e-12]
[2.0885055556453738e-10, 4.2362249679639264e-09, 3.4652032002099735e-13]
[0.031050628444725448, 3.169224591021964e-09, 4.8233668708508605e-12]
[1.1076425158534153e-11, 3.3826476708949162e-09, 8.283618346104276e-12]
[5.848681080856424e-11, 2.68629622061078e-09, 4.7886292286600124e-12]
[4.5483877135133036e-11, 3.6174303726960705e-09, 2.2440185006418404e-13]
[5.848681080856424e-11, 0.032333926304451456, 4.7886292286600124e-12]
[5.848681080856424e-11, 2.68629622061078e-09, 4.7886292286600124e-12]
[4.5483877135133036e-11, 3.3839334988086872e-09, 3.3837882504916166e-13]
[4.5463415940710064e-11, 0.0925926623068278, 4.010482797640805e-14]
[2.0896623416406082e-10, 4.262570465688261e-09, 9.093470903947895e-13]
[1.0511168721716981e-11, 6.429703720967652e-10, 7.475543871673393e-12]
[0.10387266524653861, 3.6543267602127713e-09, 1.2334434879424938e-11]
[4.537417910964358e-11, 4.299420453517494e-09, 3.3837882504916166e-13]
[4.5483877135133036e-11, 5.191568824879213e-10, 2.2440185006418404e-13]
[4.9904453761304396e-11, 4.190534491271086e-09, 4.7886292286600124e-12]
[4.548272218770241e-11, 3.3839334988086872e-09, 3.3837882504916166e-13]
[1.4480757101360303e-10, 2.6550749291940927e-09, 4.225190750373028e-12]
[0.011497850199493974, 3.6321401350538446e-09, 2.2900716764253383e-13]

non_dom_solutions_y:
[0.55688436 0.71909095 4.86441769]
[0.74067952 0.29075578 4.75410885]
[0.24512725 0.18675185 5.20625446]
[0.7419634  0.23087623 4.72724642]
[0.2866561  0.13094532 5.33829544]
[0.2866561  0.13094532 5.33829544]
[0.22047299 0.23087623 5.16761832]
[0.24345736 0.23040683 5.15489587]
[0.24356744 0.19776656 5.18824515]
[0.2866561  0.15359806 5.28667072]
[0.2433266  0.19776656 5.18863863]
[0.30031423 0.14835903 5.31387897]
[0.24038234 0.10534168 5.3815371 ]
[0.22135281 0.22949514 5.16756624]
[0.27695075 0.19574193 5.19978574]
[0.18755094 0.18832707 5.25737122]
[0.18686427 0.18934491 5.25686157]
[0.24383022 0.2295012  5.15555954]
[0.2450278  0.18843031 5.20241678]
[0.24349127 0.09132164 5.41487426]
[0.18755094 0.18842949 5.25715142]
[0.26104267 0.12147106 5.34261586]
[0.18143536 0.18451009 5.2734827 ]
[0.18755094 0.2341685  5.20758918]
[0.18755094 0.18848281 5.2571274 ]
[0.15743248 0.18842949 5.31436276]
[0.20601672 0.09115292 5.44338986]
[0.24363766 0.09196377 5.41470902]
[0.18143536 0.18439204 5.27531583]
[0.09229464 0.18832707 5.46602214]
[0.18143536 0.21562865 5.23281906]
[0.09346085 0.16996657 5.49620722]
[0.03797707 0.19464232 5.56792984]
[0.18689482 0.18842949 5.25822948]
[0.09346085 0.18816183 5.46358256]
[0.1986904  0.09115292 5.45301743]
[0.11238015 0.16990271 5.4515077 ]
[0.01460999 0.18805449 5.6128529 ]
[0.18921023 0.18842949 5.25446744]
[0.15294603 0.18842949 5.3230907 ]
[5.12110914e-03 1.98120960e-01 5.60863540e+00]
[0.1843836  0.19932119 5.24717355]
[0.02276083 0.18696611 5.60529167]
[0.10852147 0.18816183 5.42797615]
[0.1853252  0.18816183 5.26149969]
[0.01354858 0.21630701 5.5771222 ]
[0.10852147 0.18453963 5.43339972]
[0.14036816 0.18832707 5.352405  ]
[0.01600553 0.16987304 5.64533929]
[0.15743248 0.18843085 5.31436042]
[0.18959934 0.18453963 5.25976398]
[0.15743248 0.08912467 5.53178243]
[0.09402234 0.16996657 5.494897  ]
[0.1342208  0.18305496 5.37539753]
[0.1553479  0.18832707 5.31903894]
[0.14116414 0.08908575 5.5669319 ]
[0.14332599 0.18816183 5.34444033]
[0.10836737 0.18492984 5.4326964 ]
[0.10686622 0.03199018 5.76284746]
[0.09346085 0.24139208 5.41070502]
[0.23990941 0.16996657 5.23685917]
[0.12249818 0.15524671 5.4574077 ]
[0.10849439 0.16996657 5.46003439]
[0.1123684  0.18527161 5.42220216]
[0.17662841 0.09115292 5.49109428]
[0.18972442 0.03199018 5.58448961]
[0.1477017  0.08908575 5.55209332]
[0.10686622 0.01409615 5.78837386]
[0.0242407  0.16812001 5.63557725]
[0.03231467 0.16996657 5.61948035]
[0.09559706 0.11352445 5.61693893]
[0.09346085 0.14579476 5.54721575]
[0.15642305 0.08912467 5.53289025]
[0.15105579 0.0910016  5.54033701]
[0.20882966 0.01391061 5.58309309]
[0.15001848 0.21655257 5.29229171]
[0.16016794 0.0888403  5.52571322]
[0.11346197 0.08877666 5.63285754]
[0.07883084 0.07500295 5.7443663 ]
[0.10387755 0.08877666 5.65572379]
[0.1477017  0.08912082 5.55201251]
[0.03622069 0.0076126  5.94413913]
[0.1477017  0.08908575 5.55209332]
[0.13993351 0.08515264 5.57876542]
[0.1477017  0.12536822 5.46579339]
[0.10686914 0.09869455 5.62546995]
[0.1758607  0.08908575 5.49408202]
[0.15913042 0.0886233  5.52830903]
[0.13882422 0.08515264 5.58131815]
[0.1068839  0.01367274 5.78886533]
[2.71653738e-03 6.89495863e-03 5.99027763e+00]
[0.05515563 0.03169653 5.87729802]
[0.17501758 0.07516918 5.5269304 ]
[0.10242191 0.0886753  5.65914503]
[0.07883084 0.00915427 5.8581404 ]
[0.10242952 0.08867494 5.65939238]
[1.16851312e-01 1.21912714e-04 5.77969554e+00]
[0.12723317 0.08877666 5.5996013 ]
[4.96096854e-03 9.80290707e-02 5.81896127e+00]
[0.10387755 0.12650074 5.56587532]
[0.02200812 0.09802907 5.79761368]
[2.71653738e-03 6.89495863e-03 5.99027763e+00]
[0.07343268 0.0114393  5.86751753]
[2.33286046e-01 3.22540014e-03 5.57613817e+00]
[1.28939799e-04 9.67658316e-02 5.82682132e+00]
[0.03634314 0.0076126  5.94393617]
[0.10686622 0.03199018 5.76284746]
[0.07968877 0.0076126  5.85841694]
[0.03688302 0.00886595 5.94133077]
[4.46056019e-03 7.27786142e-02 5.87671548e+00]
[0.09783531 0.06676635 5.71901887]
[0.01627818 0.0076126  5.9734799 ]
[0.07343268 0.01060582 5.86844048]
[0.07960527 0.0114393  5.85392864]
[5.10624323e-04 7.86822549e-03 5.99117849e+00]
[5.10624323e-04 2.09024156e-03 5.99775561e+00]
[5.10624323e-04 2.12343180e-03 5.99746373e+00]
[5.65862964e-02 6.88108442e-04 5.91435283e+00]
[0.09710017 0.00760919 5.81818513]
[1.21185229e-03 6.89495863e-03 5.99150977e+00]
[0.01697925 0.0591224  5.89032699]
[0.01708336 0.00731678 5.97269212]
[0.01223607 0.0338412  5.94230286]
[2.29658311e-02 2.12343180e-03 5.97026244e+00]
[0.05673953 0.106324   5.71883597]
[1.17107850e-03 1.80529704e-03 5.99705815e+00]
[2.24325709e-05 6.12118916e-02 5.90578253e+00]
[5.10624323e-04 1.32630640e-03 5.99847889e+00]
[0.04513316 0.00761384 5.92848682]
[4.93301029e-04 4.37379475e-02 5.93857926e+00]
[5.10624323e-04 1.34800588e-03 5.99816114e+00]
[2.53627566e-03 9.19270077e-04 5.99650709e+00]
[3.26040336e-05 6.86434848e-04 5.99960022e+00]
[3.11872625e-02 2.09024156e-03 5.95804535e+00]
[2.04265849e-06 2.59880747e-07 5.99999837e+00]
[2.95930691e-03 3.87553397e-06 5.99695496e+00]
[2.96776466e-03 2.59880747e-07 5.99694964e+00]
[4.23799001e-05 1.24762706e-04 5.99991514e+00]
[3.26040336e-05 6.86434848e-04 5.99960022e+00]
[5.06364063e-07 2.59880747e-07 5.99999929e+00]
[4.30124656e-08 4.17345691e-08 5.99999997e+00]
[1.62726609e-02 4.81973239e-06 5.98124168e+00]
[3.03516509e-02 2.21208507e-06 5.96108681e+00]
[5.10624323e-04 1.32630640e-03 5.99847889e+00]
[1.00888327e-02 2.59880747e-07 5.98895309e+00]
[6.60322412e-02 2.59331487e-09 5.89559149e+00]
[5.06364063e-07 1.34785305e-05 5.99998738e+00]
[3.82433352e-05 1.24762706e-04 5.99991928e+00]
[7.06903581e-09 9.18865691e-02 5.83811887e+00]
[1.99166189e-07 1.65607021e-06 5.99999823e+00]
[4.93087273e-07 1.34785305e-05 5.99998739e+00]
[0.0818268  0.01552757 5.84334845]
[7.83600586e-09 1.69279571e-06 5.99999845e+00]
[1.08943669e-02 2.61297257e-07 5.98798882e+00]
[6.52201478e-02 2.59331487e-09 5.89716738e+00]
[1.18568812e-01 1.85829142e-08 5.77483766e+00]
[6.58492385e-10 1.90793386e-02 5.97750839e+00]
[2.04290554e-02 5.11484939e-10 5.97566189e+00]
[7.86327738e-09 5.29165395e-03 5.99444462e+00]
[7.83600586e-09 1.00204538e-02 5.98903470e+00]
[5.14312761e-03 1.78395592e-08 5.99460773e+00]
[7.83600586e-09 3.85490956e-02 5.94775155e+00]
[5.59394485e-02 2.59331487e-09 5.91591582e+00]
[1.18301933e-02 9.17077517e-10 5.98685353e+00]
[7.83600586e-09 1.75461913e-02 5.97956550e+00]
[1.04805968e-02 2.59486119e-09 5.98848587e+00]
[7.83600586e-09 1.24317881e-01 5.76113567e+00]
[7.12420914e-09 1.75769890e-01 5.64910682e+00]
[2.45045519e-09 9.34858509e-04 5.99905699e+00]
[1.57479007e-03 3.65101094e-09 5.99840185e+00]
[3.02627321e-02 3.66248484e-09 5.96122232e+00]
[2.08850556e-10 3.17013594e-04 5.99968205e+00]
[6.41481981e-03 1.52316994e-09 5.99319767e+00]
[3.91571588e-04 4.23802079e-09 5.99960707e+00]
[5.22409064e-03 2.62810823e-09 5.99451883e+00]
[2.20733158e-03 4.25084889e-09 5.99774677e+00]
[8.93414771e-03 2.63853660e-09 5.99031455e+00]
[7.84892408e-04 2.61046522e-09 5.99920932e+00]
[1.47918097e-03 3.63429488e-09 5.99850020e+00]
[1.50718822e-03 1.81379073e-09 5.99847142e+00]
[1.26525187e-03 2.61061788e-09 5.99871969e+00]
[2.04595150e-10 2.13683257e-03 5.99782015e+00]
[3.99992903e-03 1.78395592e-08 5.99584935e+00]
[4.40260496e-11 3.62579392e-09 6.00000000e+00]
[0.115638   0.00833833 5.77284865]
[2.07647103e-10 1.52052261e-01 5.69733555e+00]
[1.37685390e-03 2.63335249e-09 5.99860530e+00]
[2.08850556e-10 3.00777053e-03 5.99690700e+00]
[6.34274282e-04 4.89022872e-03 5.99424642e+00]
[5.07678612e-04 2.66197871e-09 5.99948989e+00]
[8.68257496e-04 2.66165235e-09 5.99912465e+00]
[4.45668418e-11 2.25042620e-10 6.00000002e+00]
[2.05162330e-10 5.92472691e-02 5.90936215e+00]
[5.84868108e-11 2.68629622e-09 6.00000000e+00]
[5.84868108e-11 2.68629622e-09 6.00000000e+00]
[3.70564451e-02 2.67117098e-09 5.95026314e+00]
[1.02620578e-01 2.66524639e-09 5.81289332e+00]
[2.71705200e-12 2.33525823e-09 6.00000000e+00]
[7.32547476e-02 3.61975239e-09 5.88009274e+00]
[1.48826592e-02 3.61814716e-09 5.98303666e+00]
[4.40260496e-11 4.24115939e-09 6.00000000e+00]
[4.42082698e-11 4.24115939e-09 6.00000000e+00]
[5.84868108e-11 2.68629622e-09 6.00000000e+00]
[5.84868108e-11 2.67497313e-09 6.00000000e+00]
[2.14431395e-10 1.32215385e-09 6.00000000e+00]
[1.60036568e-10 1.37582516e-09 6.00000000e+00]
[2.08850556e-10 3.38264767e-09 6.00000000e+00]
[4.41288029e-11 7.02765584e-02 5.88650585e+00]
[0.16808888 0.0496624  5.5917696 ]
[5.43346581e-02 3.62329762e-09 5.91904125e+00]
[2.09046465e-10 1.37582516e-09 6.00000000e+00]
[9.03603400e-12 1.97698894e-09 6.72370991e+00]
[5.84868108e-11 2.68629622e-09 6.00000000e+00]
[1.43294407e-02 4.20552735e-09 5.98374122e+00]
[1.58561541e-01 3.61975239e-09 5.68333932e+00]
[2.09840615e-10 1.04903753e-10 6.00000000e+00]
[5.75919553e-11 1.38876982e-09 6.00000000e+00]
[2.08850556e-10 4.23622497e-09 6.00000000e+00]
[3.10506284e-02 3.16922459e-09 5.95999170e+00]
[1.10764252e-11 3.38264767e-09 6.00000000e+00]
[5.84868108e-11 2.68629622e-09 6.00000000e+00]
[4.54838771e-11 3.61743037e-09 6.00000000e+00]
[5.84868108e-11 3.23339263e-02 5.95796443e+00]
[5.84868108e-11 2.68629622e-09 6.00000000e+00]
[4.54838771e-11 3.38393350e-09 6.00000000e+00]
[4.54634159e-11 9.25926623e-02 5.83647720e+00]
[2.08966234e-10 4.26257047e-09 6.00000000e+00]
[1.05111687e-11 6.42970372e-10 6.00000000e+00]
[1.03872665e-01 3.65432676e-09 5.80992060e+00]
[4.53741791e-11 4.29942045e-09 6.00000000e+00]
[4.54838771e-11 5.19156882e-10 6.00000000e+00]
[4.99044538e-11 4.19053449e-09 6.00000000e+00]
[4.54827222e-11 3.38393350e-09 6.00000000e+00]
[1.44807571e-10 2.65507493e-09 6.00000000e+00]
[1.14978502e-02 3.63214014e-09 5.98725862e+00]
