0.9655960341077713
0.9655960341077713
0.9655960341077713
0.9655960341077713
0.9655960341077713
0.9655960341077713
0.9655960341077713
0.9655960341077713
0.9655960341077713
0.9655960341077713
0.9655960341077713
0.9655960341077713
0.9655960341077713
0.9655960341077713
0.9655960341077713
0.9655960341077713
0.9655960341077713
0.9655960341077713
0.9655960341077713
0.9655960341077713
0.9655960341077713
0.9655960341077713
0.9655960341077713
0.6433375425489883
0.582442284919949
0.40855553748623963
0.29380265307587505
0.29380265307587505
0.29380265307587505
0.2668602062125634
0.2668602062125634
0.2533418473601603
0.2533418473601603
0.18298990182842373
0.18298990182842373
0.18298990182842373
0.17003016407639548
0.17003016407639548
0.12368302185836119
0.12368302185836119
0.11251825391961276
0.1122179549239653
0.1122179549239653
0.1122179549239653
0.08825215972057193
0.08516837456859068
0.08199954047637488
0.0794288499579185
0.0663393381178582
0.0663393381178582
0.06611673901395534
0.06259639656803315
0.06259639656803315
0.060851283310964004
0.060851283310964004
0.060851283310964004
0.06000176754503535
0.05836106060301023
0.05289161412665559
0.050221248685504094
0.04902550369206149
0.04902550369206149
0.046351424897857284
0.04281170727657119
0.04246013447556085
0.04235208975255213
0.037386298086594084
0.03714240088261094
0.03491156120617215
0.032770844471493775
0.03258996923756606
0.03258996923756606
0.031900056035760745
0.031205614534124758
0.03090040856693762
0.030181892829262674
0.030160100488198473
0.029260901747434197
0.029034980022573906
0.029034980022573906
0.028609663718536068
0.027484691833271638
0.02711945690757157
0.02574931725535753
0.02496943096165115
0.02493314722531986
0.022791551743659585
0.022212531664007478
0.021870988778402992
0.02176607764805678
0.02130233704417201
0.0213016257500427
0.020895116694305323
0.020895116694305323
0.020895116694305323
0.020895116694305323
0.020895116694305323
0.020723915577386714
0.020492491105679876
0.0204867491192
0.01979560887839525
0.01979560887839525
0.01979560887839525
0.019509602493034024
0.019423120154304637
0.019408369000476558
0.019309727086210107
0.019309727086210107
0.019145804471418556
0.019145804471418556
0.018332240811945077
0.018332240811945077
0.018332240811945077
0.018296560410884878
0.018296560410884878
0.017649455702484634
0.017644873669534804
0.01759831313633785
0.01759831313633785
0.017587485994624612
0.017482466937271533
0.017134748029639317
0.017134748029639317
0.015586259274764147
0.01545478320428674
0.015454226464083332
0.015431726933695043
0.015360671743043746
0.015359863833008585
0.015353014552618456
0.01508810544808466
0.01508810544808466
0.014998788913992568
0.014998788913992568
0.014636884950912563
0.01463526561199167
0.014668215782051477
0.014668215782051477
0.014386559123328684
0.01425633778809565
0.01425633778809565
0.014184117691808173
0.013927360149281122
0.013794632522773083
0.013794632522773083
0.013779468148431308
0.013666935060654483
0.013580297506693763
0.012994341883267606
0.012959307409028896
0.012685780328181946
0.012660364662033432
0.01258976401554928
0.012348381337660686
0.012348381337660686
0.012125512113066289
0.012125512113066289
0.012133035051240873
0.012133035051240873
0.011550792628161007
0.011523511833644372
0.011470552697948189
0.011470552697948189
0.011470552697948189
0.011326610152500432
0.011312746321048813
0.011285686998764373
0.011285686998764373
0.011285686998764373
0.011285686998764373
0.011285686998764373
0.011061955269833385
0.011025787475187884
0.011007448930269599
0.011007448930269599
0.011007448930269599
0.010999243462444422
0.01099091684178301
0.010970713566102264
0.010970713566102264
0.01095771085047506
0.010800920267541815
0.010800920267541815
0.010793613062940991
0.010768738721895757
0.010768738721895757
0.010768738721895757
0.010758518497891535
0.010755042154668444
0.010755042154668444
0.010755042154668444
0.010755042154668444
0.010739402510395846
0.010739402510395846
0.010739402510395846
0.010739402510395846
0.010739402510395846
0.010739402510395846
0.010739402510395846
0.010739402510395846
0.010739402510395846
0.010739402510395846
0.010739402510395846
0.010715735859627085
0.010697043770597098
0.010697043770597098
0.010697043770597098
0.010697043770597098
0.010697043770597098
0.010697043770597098
0.010697043770597098
0.010697043770597098
0.010697043770597098
0.01059280973987423
0.010575288856820355
0.010575288856820355
0.010557951471563902
0.010557732520307844
0.010557732520307844
0.0105172914617477
0.010517300473695496
0.010517300473695496
0.010501017562953883
0.010472985483558232
0.010467008271254472
0.010467008271254472
0.010447233095307715
0.010447233095307715
0.010447233095307715
0.010447233095307715
0.010447233095307715
0.010105930673666825
0.010105930673666825
0.010073651268392728
0.010002913160435221
0.010002913160435221
0.009997601083458605
0.009997601083458605
0.009997601083458605
0.009997601083458605
0.009997601083458605
0.009997601083458605
0.00995800257842629
0.00995800257842629
0.009957991446663452
0.009957991446663452
0.009957991446663452
0.009957991446663452
0.009957991446663452
0.009957991446663452
0.0099580063804547
0.0099580063804547
0.0099580063804547
0.0099580063804547
0.0099580063804547
0.0099580063804547
0.0099580063804547
0.0099580063804547
0.0099580063804547
0.0099580063804547
0.0099580063804547
0.0099580063804547
0.0099580063804547
0.0099580063804547
0.0099580063804547
0.0099580063804547
0.0099580063804547
0.009957887581706865
0.009957887581706865
0.009957887581706865
0.009957887581706865
0.009957887581706865
0.009957862590263962
0.009957862590263962
0.009957862590263962
0.009957862590263962
0.009957862590263962
0.009957862590263962
0.009957862590263962
0.009957862590263962
0.009957862590263962
0.009957862590263962
0.009957862590263962
0.009957862590263962
0.009957862590263962
0.009928252586350697
0.009928252586350697
0.009928252586350697
0.009928252586350697
0.009928252586350697
0.009928252586350697
0.009928252586350697
0.009928252586350697
0.009928252586350697
0.009928252586350697
0.009928252586350697
0.009928252586350697
0.009928252586350697
0.009928252586350697
0.009928252586350697
