0.6350530186137882
0.6350530186137882
0.6350530186137882
0.6350530186137882
0.6350530186137882
0.6350530186137882
0.6350530186137882
0.6350530186137882
0.6350530186137882
0.6350530186137882
0.6350530186137882
0.6350530186137882
0.6350530186137882
0.6350530186137882
0.6350530186137882
0.6350530186137882
0.6350530186137882
0.6350530186137882
0.6350530186137882
0.6350530186137882
0.6350530186137882
0.6350530186137882
0.6350530186137882
0.6350530186137882
0.6350530186137882
0.6350530186137882
0.6350530186137882
0.6350530186137882
0.6350530186137882
0.6350530186137882
0.6350530186137882
0.6350530186137882
0.590453336828537
0.5682303362045902
0.5682303362045902
0.5682303362045902
0.5413723398892654
0.5088283062976793
0.5060993852092965
0.5004643373195911
0.4752517684120439
0.4751539439851065
0.4751143135215769
0.4502223587614912
0.44758404364233484
0.4462048455633821
0.44620153888261793
0.44620153888261793
0.44620153888261793
0.40176424543982825
