ID: 20231205172711_8037

Problem: dtlz7
Number of objects: 3
Number of variables: 3

Algorithm choice: 2
Algorithm phase strategy: global + local
First phase rate: 0.5
Population size: 15
Maximum number of function evaluations: 50

IGD: 0.40176424543982825
GD: 7.398281867125855
HV: 0.41234479356577425
Time cost: 84.17913484573364

non_dom_solutions:
[0.5868346317390161, 0.212948594111174, 0.18180511563133606]
[0.2613364700153311, 0.36308863886477527, 0.3955371500980386]
[0.026946813191359126, 0.08356338227309434, 0.976491984436118]
[0.0932789185937461, 0.6247945100079073, 0.9535761281361356]
[0.39486619601447986, 0.6865138459362994, 0.014911617198507962]
[0.09919742833138451, 0.12269610420554183, 0.756066952854763]
[0.43076855454632507, 0.26589641169485323, 0.06879930526051542]
[0.3017961812513076, 0.016406973093991483, 0.8610213157639318]
[0.9530008277720494, 0.16329567074682816, 0.4412792780814407]
[0.03526571618655368, 0.9693065008415107, 0.6059879093921106]
[0.17039865990981418, 0.14342605604448994, 0.6797951053999276]
[0.20784563996727556, 0.860809335763542, 0.649546090045216]
[0.2394581638473388, 0.5914580330636502, 0.0017309516461412322]
[0.3974602534379237, 0.4525864022996375, 0.010290977835194622]
[0.5886063387623723, 0.7239621789941606, 0.00012027055088333766]
[0.4157486213708005, 0.7597194244272629, 0.0004635170670832245]
[0.4157486213708005, 0.7449405551886212, 0.00011154357439472894]
[0.23312839139348374, 0.7784828649571317, 0.0003390251148991995]
[0.18030976254505227, 0.8820353898459293, 0.0008997009198153799]
[0.1582086268666602, 0.8807505084977563, 0.0008997009198153799]
[0.15877155043142208, 0.8807505084977563, 0.00012952462105018936]
[0.1582086268666602, 0.8820422183533145, 0.00014821297496035724]
[0.7490322938142909, 0.8788863834639747, 0.00014821297496035724]

non_dom_solutions_y:
[ 0.58683463  0.21294859 10.31698399]
[ 0.26133647  0.36308864 15.99153944]
[2.69468132e-02 8.35633823e-02 3.21887869e+01]
[ 0.09327892  0.62479451 31.19685588]
[0.3948662  0.68651385 5.40993935]
[ 0.09919743  0.1226961  25.99979488]
[0.43076855 0.26589641 7.34534621]
[3.01796181e-01 1.64069731e-02 2.88384573e+01]
[ 0.95300083  0.16329567 16.22656246]
[ 0.03526572  0.9693065  21.06908866]
[ 0.17039866  0.14342606 23.73035068]
[ 0.20784564  0.86080934 21.44459329]
[0.23945816 0.59145803 5.41554163]
[0.39746025 0.4525864  6.06181371]
[0.58860634 0.72396218 4.71348329]
[0.41574862 0.75971942 4.54437973]
[0.41574862 0.74494056 4.63270104]
[0.23312839 0.77848286 4.13191561]
[0.18030976 0.88203539 3.99238672]
[0.15820863 0.88075051 4.03337215]
[0.15877155 0.88075051 4.01138848]
[0.15820863 0.88204222 4.01532489]
[0.74903229 0.87888638 3.05216594]
