0.08090401860027814
0.08090401860027814
0.08090401860027814
0.08090401860027814
0.08090401860027814
0.08090401860027814
0.08090401860027814
0.08090401860027814
0.08090401860027814
0.08090401860027814
0.08090401860027814
0.08090401860027814
0.08090401860027814
0.08090401860027814
0.08090401860027814
0.08090401860027814
0.08090401860027814
0.08090401860027814
0.08090401860027814
0.08090401860027814
0.08090401860027814
0.0793265087972064
0.08651849896491756
0.08651294148550383
0.07785389026086642
0.07359541757852377
0.07359541757852377
0.05451979139551305
0.052500002623400356
0.04958649372640414
0.04879506504246831
0.04879506504246831
0.04833756104518387
0.048336346777495195
0.04833634249914254
0.047163408656495466
0.041994139887161885
0.03630579420165082
0.03301173326210909
0.02831788935039146
0.028062891819320108
0.02692600566584735
0.026145538278472366
0.026075418815421345
0.025938113443941778
0.025938113443941778
0.02593802495744003
0.025931386773490078
0.025230910847713974
0.022532270442043863
0.021769320626229008
0.02187606621278712
0.01970011174281456
0.019474375656382253
0.019261974208517472
0.019261974208517472
0.01900161741009414
0.018420019033381172
0.01840597301170176
0.01840597301170176
0.018314460545465046
0.018142171720235897
0.018142171720235897
0.017982903195221105
0.017768102567442722
0.01761972378454303
0.01761972376966811
0.017076612080053677
0.01682733763208998
0.016054088019070562
0.015321116293193519
0.015111526128477796
0.015111526004664179
0.014528526146997633
0.014528477665803962
0.014493022957425794
0.014036760057454325
0.013944418140035468
0.013889337962344766
0.013881919851865742
0.013710823331021154
0.013710336161350534
0.01359364282665827
0.013519194487735251
0.013406904900646586
0.013406904900646586
0.013406904900646586
0.013088717661371646
0.013030223711525188
0.013121350162733086
0.01312132458357803
0.01310120952889194
0.013106969466267784
0.012967441048465495
0.012970769022644652
0.012957062650531266
0.012955516232342212
0.012945881744956634
0.012945881744956634
0.012928752132708308
0.012362044577409586
0.012039274817296719
0.01181160635749267
0.011726544404580102
0.011725608150568542
0.011368826137714814
0.011368826137714814
0.011228063411924647
0.011202842678739078
0.010800997626178645
0.010642866109887038
0.010642866109887038
0.010507941357572161
0.010507898472930453
0.010386656861625942
0.010373685581273035
0.010373685581273035
0.010373685581273035
0.010373685581273035
0.010323578742810792
0.010193053276463058
0.009958696500000593
0.009957888262138809
0.009802889217891629
0.009802889217891629
0.009693922678403914
0.009662462683954945
0.009662462683954945
0.009662462683954945
0.009501010305467239
0.009501010305467239
0.009501010305467239
0.009433596548793562
0.009381887673445891
0.009374185414495742
0.009374185414495742
0.009000677508702341
0.009000677508702341
0.00899872217612947
0.00899872217612947
0.008968465858864008
0.008968465858864008
0.008968465858864008
0.008968465858864008
0.008895293378186111
0.008895293378186111
0.008858541017603505
0.008825940664141718
0.008659591839951668
0.008659591839951668
0.008468032032756336
0.0083967340262224
0.008385172747000921
0.00827086926393399
0.00826953366536268
0.008267019034624686
0.008267019034624686
0.008267019034624686
0.008049039187139805
0.008049039187139805
0.0080607982154865
0.00806079699560941
0.00806069194581931
0.00806068360101937
0.00806068360101937
0.00806068360101937
0.00806068360101937
0.00806068360101937
0.00806068360101937
0.00806068360101937
0.00806068360101937
0.00806068360101937
0.00806068360101937
0.00806067635245104
0.00806067635245104
0.008060676110328664
0.008060676110191926
0.008060676105406272
0.00806067609870346
0.00806067609870346
0.00806067609870346
0.00806067609870346
0.00806067609870346
0.00806067609870346
0.00806067609870346
0.008037353806329972
0.008037353806329972
0.008035055082803891
0.008035055082803891
0.00803505507523582
0.00803505507523582
0.00803505507523582
0.00803505507523582
0.00803505507523582
0.00803505507523582
0.00803505507523582
0.00803505507523582
0.00803505507523582
0.00803505507523582
0.008020530139946074
0.00799954682496589
0.00799954682496589
0.00799954682496589
0.00799954682496589
0.00799954682496589
0.007996120607941594
0.007974898383234525
0.007974898383234525
0.007974898383234525
0.007974898383234525
0.007974898383234525
0.007974898383234525
0.007974368094308628
0.007974368094308628
0.007974368094308628
0.007974368094308628
0.007974368094308628
0.007974368094308628
0.007974368094308628
0.007974368094308628
0.007974368094308628
0.007974368094308628
0.007974368094308628
0.007974368094308628
0.007974368094308628
0.007974368094308628
0.007974368094308628
0.007974368094308628
0.007974368094308628
0.007974368094308628
0.007974368094308628
0.007974368094308628
0.007974368094308628
0.007974368094308628
0.007974368094308628
0.007974368094308628
0.007974368094308628
0.007974368094308628
0.007974368094308628
0.007974368094308628
0.007974368094308628
0.007974368094308628
0.007974368094308628
0.007974368094308628
0.007974368094308628
0.007974368094308628
0.007974368094308628
0.007974368094308628
0.007974368094308628
0.007974368094308628
0.007974368094308628
0.007974368094308628
0.007974368094308628
0.007974368094308628
0.007974368094308628
0.007974368094308628
0.00797006326146268
0.00797006326146268
0.00797006326146268
0.00797006326146268
0.00797006326146268
0.00797006326146268
0.00797006326146268
0.00797006326146268
0.00797006326146268
0.00797006326146268
0.00797006326146268
0.00797006326146268
0.00797006326146268
0.00797006326146268
0.00797006326146268
0.00797006326146268
0.00797006326146268
0.00797006326146268
0.00797006326146268
0.00797006326146268
0.00797006326146268
0.00797006326146268
0.00797006326146268
0.00797006326146268
0.00797006326146268
0.00797006326146268
0.00797006326146268
0.00797006326146268
0.00797006326146268
0.007967603110166366
0.007967603110166366
0.007967603110166366
0.007967603110166366
0.007967603110166366
0.007967603110166366
0.007967603110166366
0.007967603110166366
0.007967603110166366
0.007967603110166366
0.007967603110166366
0.007967603110166366
0.007967603110166366
0.007967603110166366
0.007967603110166366
