0.6415430301386215
0.6415430301386215
0.6415430301386215
0.6415430301386215
0.6415430301386215
0.6415430301386215
0.6415430301386215
0.6415430301386215
0.6415430301386215
0.6415430301386215
0.6415430301386215
0.6415430301386215
0.6415430301386215
0.6415430301386215
0.6415430301386215
0.6415430301386215
0.6415430301386215
0.6415430301386215
0.6415430301386215
0.6415430301386215
0.6415430301386215
0.6415430301386215
0.6415430301386215
0.6415430301386215
0.6415430301386215
0.6415430301386215
0.6415430301386215
0.6415430301386215
0.6415430301386215
0.6415430301386215
0.6415430301386215
0.6415430301386215
0.5343437771238764
0.5673909121092836
0.516443174194559
0.4614584735449173
0.411451630923028
0.4114412709800776
0.4109560304113521
0.41055895955853244
0.41054182808431244
0.410381010564802
0.40713193609316867
0.40668645019653926
0.40626437115545
0.4062618838544216
0.40602646216405447
0.4059991994954644
0.40597684125685163
0.36896478173448294
0.3689232414526299
0.36892410256535907
0.36861350064241133
0.3685990133257302
0.36856525995064066
0.36809361220552533
0.36801916202178764
0.36793335546003775
0.36755563875315816
0.3675418130283882
0.36751385571537665
0.3675065927281299
0.36722488329265085
0.36722185072514363
0.36722185072514363
0.36722185072514363
0.366380752856553
0.36634850258213547
0.3663477470172778
0.3663477470172778
0.36636281344735444
0.366362699950751
0.3663626883852269
0.3663626798860318
0.3663641810752077
0.36636418021975276
0.3663641950495412
0.36636418981249114
0.3663559921696467
0.36635599215474357
0.36635599215474357
0.3663408341515826
0.3663408341515826
0.36634083414514834
0.36634083414314217
0.36634083414314217
0.36634083414314217
0.36634083735035033
0.36634083735035033
0.3663370042479056
0.3663370042479056
0.3663370042477164
0.3663370042295136
0.366336572908945
0.3663347775303668
0.36633306038634106
0.36633300404504915
0.36632512536379425
0.36627478479819664
0.36627478479819664
0.36627478479819664
0.36627478479819664
0.36617372950430804
0.3661506065845366
0.36614412680439107
0.36614412680439107
0.36614412680439107
0.36614412680439107
0.3661380827994522
0.36613546776127825
0.3661959257948852
0.36619472990347834
0.3639995468845002
0.3639923200088314
0.36331213478604485
0.36310541292004067
0.3630689273276967
0.36306396244535416
0.3630639608279794
0.36306393026022804
0.36306393026022804
0.3630513671461311
0.3630513665292665
0.36304809807592736
0.36304806034902226
0.36304806034902226
0.36304806034902226
0.36149832662528164
0.3614936381008011
0.36148693928409364
0.36148693928409364
0.36148693928409364
0.36148693928409364
0.361486650232884
0.361486650232884
0.36136278812820993
0.36136278812820993
0.36136278812820993
0.36136278812820993
0.3613627881282066
0.3613627881282066
0.3613627881282066
0.3613627881282066
0.3613627881282066
0.3613627881282066
0.3613627881282066
0.3613627881282066
0.3613627881282066
0.3613627881282066
0.3613533382411885
0.3613533382411885
0.3613533382411885
0.3613533382411885
0.3613533382411885
0.3613533382411885
0.3613533382411885
0.3613533382411885
0.3613533382411885
0.3613533382411885
0.3613507517053258
0.3613498928371601
0.3613498928371601
0.3613498928371601
0.361349841671269
0.361349841671269
0.361349841671269
0.361349841671269
0.361349841671269
0.361349841671269
0.361349841671269
0.361349841671269
0.361349841671269
0.36134941392141956
0.3613489261902964
0.3613489261902964
0.3613489261902964
0.36134881070294056
0.36134881070294056
0.36134881070294056
0.36134881070294056
0.36134881070294056
0.36134881070294056
0.36134881070294056
0.36134881070294056
0.36134881070294056
0.36134881070294056
0.36134858389085944
0.3613302433061817
0.3613302433061817
0.3613302433061817
0.36132660279504064
0.36132660279504064
0.36132660279504064
0.36132660279504064
0.3613246713074463
0.3613246713074387
0.3613246713074387
0.36132434673208397
0.3613243467314859
0.3613243467314859
0.3613243467314859
0.3613243467314859
0.3613243467314859
0.3613243467314859
0.3613243467314859
0.3613235598526857
0.36130738457585493
0.3613073845758459
0.3613057493056702
0.3613057493056702
0.3613057493056702
0.3613057493056702
0.3613057493056702
0.3613057493056702
0.3613057493056702
0.3613057493056702
0.36130574930566495
0.36130574930566495
0.36130574930566495
0.36130574930566495
0.36130574930566495
0.36130574930566495
0.36130574930566495
0.36130574930566495
0.36130574930566495
0.36130574930566495
0.36130574930566495
0.3609683756919173
0.3609683756919173
0.3609683756919173
0.36094825102921724
0.3609439866392824
0.3609439866392824
0.3609439866392824
0.3609439866392824
0.3609399698576361
0.36017765960536313
0.36017765960536313
0.3601658133342941
0.3601658133342941
0.3601658133342941
0.3601658133342941
0.3601658133342941
0.3601658133342941
0.36016558915684704
0.36016558915684704
0.36016558915684704
0.3601639350307329
0.3601639350307329
0.3601639350307329
0.3601639350307329
0.3601639350307329
0.3601639350307329
0.3601639350307329
0.3601639350307329
0.3601639350307329
0.3583067303517769
0.3583067303517769
0.3582872757134688
0.3582872757134688
0.3582872757134688
0.3582872757134688
0.3582872757134688
0.3582872757134688
0.3582872757134688
0.3582872757134688
0.3582872757134688
0.3582872757134688
0.3582872757134688
0.3582872757134688
0.3582872757134688
0.3582872757134688
0.3582872757134688
0.35671513551894835
0.35671513551894835
0.35671513551894835
0.35671513551894835
0.35671513551894835
0.35671513551894835
0.35671513551894835
0.35671513551894835
0.35671513551894835
0.35671513551894835
0.35671513551894835
0.35671513551894835
0.35671513551894835
0.35671513551894835
0.35671513551894835
0.35671513551894835
0.35671513551894835
0.35671513551894835
0.35671513551894835
0.35671513551894835
0.35671513551894835
0.35671513551894835
0.35671513551894835
0.35671513551894835
0.35671513551894835
0.35671513551894835
0.35671513551894835
