ID: 20231203153023_29846

Problem: dtlz7
Number of objects: 3
Number of variables: 3

Algorithm choice: 2
Algorithm phase strategy: global + local
First phase rate: 1.0
Population size: 15
Maximum number of function evaluations: 300

IGD: 0.35671513551894835
GD: 0.011327719184215436
HV: 0.7722248254660856
Time cost: 2964.5603103637695

non_dom_solutions:
[0.11167213890381182, 0.020305527226898212, 0.005677122117893729]
[0.7155569369942099, 0.0006329858505789709, 0.0007971202280715461]
[0.8135927928014088, 0.058511834117250416, 0.001051721886105618]
[0.7480075622553961, 0.2107297984996901, 0.0003205407488863221]
[0.7155569369942099, 0.3852937127809257, 0.0012992447276207447]
[0.7989088877667122, 0.0003662852493703933, 0.0001272106689445097]
[0.7735932982356919, 0.0003662852493703933, 0.0001272106689445097]
[0.7723170698047549, 0.00011509781773329231, 0.0001272106689445097]
[0.7240655343536885, 0.0001531009642467395, 7.666631946536603e-05]
[0.72430333600392, 0.14672382148884358, 7.666631946536603e-05]
[0.7505616296810365, 0.15964557018175513, 7.666631946536603e-05]
[0.724458509733341, 0.1937913383866358, 7.666631946536603e-05]
[0.7250406485660728, 0.1937913383866358, 7.666631946536603e-05]
[0.7480075622553961, 0.12750401493408925, 3.996830955133035e-05]
[0.7364292681721814, 0.16188672781975846, 7.666631946536603e-05]
[0.7250406485660728, 0.16432887390350695, 7.666631946536603e-05]
[0.047701344920311806, 0.15964557018175513, 7.666631946536603e-05]
[0.7393875419603146, 0.21156248893701765, 1.3626815592329656e-06]
[0.8402320738370181, 0.0296342671614694, 0.00012603702995784275]
[0.7334052476325127, 0.19396358139152112, 7.940669482154419e-05]
[0.7311444845038453, 0.2107297984996901, 0.0003205407488863221]
[0.7585880093262128, 0.03181252219683317, 0.00012762125644593566]
[0.725259275829095, 0.24460100747892957, 7.666631946536603e-05]
[0.0007128188496938193, 0.15964557018175513, 7.666631946536603e-05]
[0.735855315770201, 0.24460100747892957, 2.158272951393366e-05]
[0.7394503422369019, 0.2746685279391894, 7.666631946536603e-05]
[0.7394176028394496, 0.2885868590087375, 1.3626815592329656e-06]
[1.8964210029559503e-06, 0.159369561981469, 7.666631946536603e-05]
[0.7521377249979216, 0.03187035852424029, 0.00012603702995784275]
[0.7268104550118645, 0.19572619671807578, 7.666631946536603e-05]
[0.8657815917611666, 4.3942171483084345e-06, 1.8411541577569898e-07]
[0.7624209913656915, 4.3942171483084345e-06, 1.284379613808224e-06]
[0.8757223714046004, 4.83444034095309e-07, 2.1117589393543322e-08]
[0.7605790046318068, 3.3364084538721144e-06, 1.2802948267204622e-08]
[0.8757093892011564, 0.011685203960897296, 2.1071197579776844e-08]
[0.7597216543776892, 1.0518928758992345e-05, 2.5550191434553808e-09]
[0.8757093892011564, 0.02587777448565294, 1.4716191560857662e-08]
[0.8757109019792256, 0.026059065212770773, 8.791994899179414e-09]
[0.7364483590140839, 0.14975359370468083, 2.1326197335704887e-08]
[0.8757093892011564, 0.041350646212906364, 1.4716191560857662e-08]
[0.8757093892011564, 0.041350646212906364, 1.4716191560857662e-08]
[0.8757093892011564, 0.041350646212906364, 1.4716191560857662e-08]
[0.8733939196569507, 0.04912212189166351, 6.683460657642254e-10]
[0.8734053761650229, 0.050713925881167035, 4.9029147819562166e-11]
[0.8734571331209495, 0.051162669713071006, 2.1071197579776844e-08]
[0.8734571331209495, 0.05020443354574651, 2.1154860321471815e-08]
[0.8734585383179275, 0.05019797649121128, 1.803758898328611e-08]
[0.8732633136302917, 0.05144641237172605, 1.4576347521847123e-08]
[0.7570504094239198, 0.026474904254191384, 1.1997553808949736e-08]
[0.7484830309079322, 0.04912212189166351, 1.4615068401515829e-08]
[0.7497939858316736, 0.04504624157516954, 3.6021429817209304e-10]
[0.8707538599928119, 0.14205285010817637, 2.1071197579776844e-08]
[0.7348015927903787, 0.14205285010817637, 2.1071197579776844e-08]
[0.8734585383179275, 0.1792893476670262, 1.803758898328611e-08]
[0.8708826206273396, 0.1926733886219229, 1.803758898328611e-08]
[0.8734585383179275, 0.19947263892497816, 1.0045244036833253e-08]
[0.8732636857715742, 0.19983038743838916, 1.0045244036833253e-08]
[0.873226191165096, 0.19975264563385825, 6.168071094032316e-10]
[0.7545597762823621, 0.0003453947824806902, 4.412550306292489e-10]
[7.423073199118002e-09, 8.83137318986046e-08, 2.5550191434553808e-09]
[0.873226191165096, 0.2001541103263867, 5.174133971048348e-10]
[0.8732254945597507, 0.20015746023252876, 5.006167752212655e-10]
[0.8623470986734855, 0.23418175621305692, 5.174133971048348e-10]
[0.7550318724759886, 0.016105801773880393, 1.0045244036833253e-08]
[0.8671819355288705, 0.22380419894561085, 5.006167752212655e-10]
[0.756159647553673, 0.0029220725514917806, 1.0083390083879926e-08]
[0.7205360357597651, 0.20236661779980467, 1.7989100692931104e-08]
[0.7566529110945774, 1.6463566460024965e-09, 1.979246932827694e-09]
[0.7574939112559376, 1.6516969513342314e-10, 1.8418000086583734e-08]
[0.7574939112559376, 2.57838661077296e-10, 2.966136162386359e-10]
[0.8770519969566904, 0.2077375963881486, 1.7349405322489652e-10]
[0.8770391115021968, 0.20778694777878298, 9.828338178351213e-09]
[0.8770103623930322, 0.20787320191544653, 2.402356450431647e-10]
[0.8770090730296803, 0.20787647998294403, 2.402356450431647e-10]
[0.8762475994022741, 0.2102065742366565, 1.9882431498473297e-09]
[0.8762530878843621, 0.21017983974338983, 1.972937487604503e-09]
[0.8762544599651593, 0.21016143523745923, 1.9882431498473297e-09]
[0.8762608309917019, 0.21014255116406805, 9.822869054114744e-09]
[0.7235065363741577, 0.2159249227328982, 1.9881446210635417e-09]
[0.8762661897451095, 0.2101241158207681, 9.873679505737477e-09]
[0.8770391115021968, 0.213522155779947, 9.828338178351213e-09]
[0.7324424265138365, 0.2148520766805092, 1.6223215865533771e-09]
[0.7590786134896074, 0.004633121044889721, 1.9882431498473297e-09]
[0.7267711463087375, 0.213522155779947, 8.522479645932389e-09]
[0.7241286628593857, 0.2134960551457183, 6.612535441442397e-09]
[0.7239453443303084, 0.21098251759662828, 6.173661837317419e-09]
[0.7255752245203706, 0.21352019740223915, 8.522479645932389e-09]
[0.7261706390604256, 0.2134960551457183, 8.522479645932389e-09]
[0.7276049291475836, 0.21484405166391146, 1.9252683832930947e-09]
[0.7252133426990692, 0.21484405166391146, 1.9252683832930947e-09]
[0.7173091860100904, 0.2869615336982855, 1.3795726724523623e-09]
[0.7248112785211265, 0.2397865099012611, 7.820941436759472e-10]
[0.7282306911774484, 0.24807190515148697, 7.820941436759472e-10]
[7.377659255269892e-09, 3.4339635078945616e-10, 1.2122338534537583e-10]
[0.7259624837014311, 0.24807190515148697, 7.820941436759472e-10]
[2.1558524146812868e-09, 1.504876459448137e-09, 1.5448355610138032e-10]
[2.7563894440030217e-09, 3.4339635078945616e-10, 1.2122338534537583e-10]
[0.7248275907225594, 0.24981429786284567, 4.631854350230734e-09]
[0.7493737530546776, 0.008725546941618784, 7.556712027542464e-11]
[9.52616459365269e-10, 1.6463566460024965e-09, 3.458837133130414e-10]
[0.7261266539776493, 0.22169861857178444, 9.822879626527291e-09]
[9.52616459365269e-10, 1.6463566460024965e-09, 3.458837133130414e-10]
[0.7566803704719132, 8.839551707175503e-10, 5.098242755272697e-10]
[2.0100141332358033e-09, 1.5048683090778974e-09, 1.5466374880368939e-10]
[0.842347150040801, 0.21045234735727356, 6.218187389843774e-09]
[0.7346862226427485, 0.1876334945712187, 3.826738548109304e-05]
[0.8065806695971683, 3.4339635078945616e-10, 1.2122338534537583e-10]
[2.119991700897267e-09, 0.09155248034625198, 1.5448355610138032e-10]
[0.8799750791931551, 0.20767052896201424, 9.822879626527291e-09]
[0.7757028052769932, 0.003985553166107603, 2.1551350309316962e-10]
[0.8730784898207389, 0.21493374963153883, 4.750602215017944e-09]
[7.2557936357068105e-09, 1.5031470293732195e-09, 1.214431387099956e-10]
[0.7658848668043935, 0.0017160367848269853, 4.712241910414047e-09]
[2.7563894440030217e-09, 1.1986422830609131e-09, 1.2122338534537583e-10]
[0.7938347652013007, 0.2722512943731441, 9.822879626527291e-09]
[0.7479028583976258, 0.2647694717337476, 3.981119974567842e-11]
[0.7593804547990611, 0.0014310373972040852, 1.2122338534537583e-10]
[0.7569075519354498, 0.0005831865815496273, 4.7879472768400556e-09]
[0.3194054330222178, 3.4339635078945616e-10, 1.2122338534537583e-10]
[2.7563894440030217e-09, 1.1986422830609131e-09, 1.2122338534537583e-10]
[2.7227774701265653e-09, 1.1995802894242922e-09, 1.2122338534537583e-10]
[2.7563894440030217e-09, 1.1986422830609131e-09, 1.2122338534537583e-10]
[0.87801562192766, 0.2149329919041958, 4.546144172544212e-09]
[0.7585883658423243, 1.5060284524927654e-09, 1.3407755720592607e-10]

non_dom_solutions_y:
[0.11167214 0.02030553 5.92043754]
[7.15556937e-01 6.32985851e-04 4.98715842e+00]
[0.81359279 0.05851183 4.32608339]
[0.74800756 0.2107298  4.33820289]
[0.71555694 0.38529371 4.79729114]
[7.98908888e-01 3.66285249e-04 4.44692963e+00]
[7.73593298e-01 3.66285249e-04 4.57529378e+00]
[7.72317070e-01 1.15097818e-04 4.58290705e+00]
[7.24065534e-01 1.53100964e-04 4.90497977e+00]
[0.72430334 0.14672382 4.61251869]
[0.75056163 0.15964557 4.39903758]
[0.72445851 0.19379134 4.52095568]
[0.72504065 0.19379134 4.51667525]
[0.74800756 0.12750401 4.48775429]
[0.73642927 0.16188673 4.49197189]
[0.72504065 0.16432887 4.56934198]
[0.04770134 0.15964557 5.61469674]
[0.73938754 0.21156249 4.38817562]
[0.84023207 0.02963427 4.28691044]
[0.73340525 0.19396358 4.45570829]
[0.73114448 0.2107298  4.45649938]
[0.75858801 0.03181252 4.62563358]
[0.72525928 0.24460101 4.47022054]
[7.12818850e-04 1.59645570e-01 5.68241064e+00]
[0.73585532 0.24460101 4.39204253]
[0.73945034 0.27466853 4.37532077]
[0.7394176  0.28858686 4.3857153 ]
[1.89642100e-06 1.59369562e-01 5.68370572e+00]
[0.75213772 0.03187036 4.66751694]
[0.72681046 0.1957262  4.5008263 ]
[8.65781592e-01 4.39421715e-06 4.30860870e+00]
[7.62420991e-01 4.39421715e-06 4.63921882e+00]
[8.75722371e-01 4.83444034e-07 4.31751606e+00]
[7.60579005e-01 3.33640845e-06 4.65074494e+00]
[0.87570939 0.0116852  4.30453032]
[7.59721654e-01 1.05189288e-05 4.65616471e+00]
[0.87570939 0.02587777 4.28537287]
[0.8757109  0.02605907 4.28510639]
[0.73644836 0.14975359 4.51576739]
[0.87570939 0.04135065 4.26043865]
[0.87570939 0.04135065 4.26043865]
[0.87570939 0.04135065 4.26043865]
[0.87339392 0.04912212 4.24366848]
[0.87340538 0.05071393 4.24070026]
[0.87345713 0.05116267 4.23991109]
[0.87345713 0.05020443 4.24171634]
[0.87345854 0.05019798 4.24172994]
[0.87326331 0.05144641 4.23916013]
[0.75705041 0.0264749  4.64025847]
[0.74848303 0.04912212 4.6588204 ]
[0.74979399 0.04504624 4.65745073]
[0.87075386 0.14205285 4.03178692]
[0.73480159 0.14205285 4.54480825]
[0.87345854 0.17928935 3.95748927]
[0.87088262 0.19267339 3.93261544]
[0.87345854 0.19947264 3.9253141 ]
[0.87326369 0.19983039 3.92460685]
[0.87322619 0.19975265 3.92467237]
[7.54559776e-01 3.45394782e-04 4.68910963e+00]
[7.42307320e-09 8.83137319e-08 5.99999997e+00]
[0.87322619 0.20015411 3.92412251]
[0.87322549 0.20015746 3.92411718]
[0.8623471  0.23418176 3.88481391]
[0.75503187 0.0161058  4.66782955]
[0.86718194 0.2238042  3.89345572]
[7.56159648e-01 2.92207255e-03 4.67603038e+00]
[0.72053604 0.20236662 4.53577199]
[7.56652911e-01 1.64635665e-09 4.67583829e+00]
[7.57493911e-01 1.65169695e-10 4.67041370e+00]
[7.57493911e-01 2.57838661e-10 4.67041321e+00]
[0.877052   0.2077376  3.91919432]
[0.87703911 0.20778695 3.91911808]
[0.87701036 0.2078732  3.91897562]
[0.87700907 0.20787648 3.91896995]
[0.8762476  0.21020657 3.91524225]
[0.87625309 0.21017984 3.91527968]
[0.87625446 0.21016144 3.91530226]
[0.87626083 0.21014255 3.91533225]
[0.72350654 0.21592492 4.49818661]
[0.87626619 0.21012412 3.91536019]
[0.87703911 0.21352216 3.91272138]
[0.73244243 0.21485208 4.4341026 ]
[7.59078613e-01 4.63312104e-03 4.65542968e+00]
[0.72677115 0.21352216 4.47664089]
[0.72412866 0.21349606 4.49606497]
[0.72394534 0.21098252 4.50012005]
[0.72557522 0.2135202  4.48540599]
[0.72617064 0.21349606 4.48106506]
[0.72760493 0.21484405 4.46918904]
[0.72521334 0.21484405 4.48670259]
[0.71730919 0.28696153 4.54475323]
[0.72481128 0.23978651 4.47272335]
[0.72823069 0.24807191 4.44589937]
[7.37765926e-09 3.43396351e-10 6.00000000e+00]
[0.72596248 0.24807191 4.46248025]
[2.15585241e-09 1.50487646e-09 6.00000000e+00]
[2.75638944e-09 3.43396351e-10 6.00000000e+00]
[0.72482759 0.2498143  4.47068731]
[0.74937375 0.00872555 4.71443342]
[9.52616459e-10 1.64635665e-09 6.00000001e+00]
[0.72612665 0.22169862 4.4736809 ]
[9.52616459e-10 1.64635665e-09 6.00000001e+00]
[7.56680370e-01 8.83955171e-10 4.67566070e+00]
[2.01001413e-09 1.50486831e-09 6.00000000e+00]
[0.84234715 0.21045235 3.91510579]
[0.73468622 0.18763349 4.45535045]
[8.06580670e-01 3.43396351e-10 4.41234171e+00]
[2.11999170e-09 9.15524803e-02 5.83889450e+00]
[0.87997508 0.20767053 3.92368617]
[7.75702805e-01 3.98555317e-03 4.55609649e+00]
[0.87307849 0.21493375 3.90637499]
[7.25579364e-09 1.50314703e-09 5.99999999e+00]
[7.65884867e-01 1.71603678e-03 4.61609141e+00]
[2.75638944e-09 1.19864228e-09 6.00000000e+00]
[0.79383477 0.27225129 4.04623639]
[0.74790286 0.26476947 4.30960322]
[7.59380455e-01 1.43103740e-03 4.65689286e+00]
[7.56907552e-01 5.83186582e-04 4.67360652e+00]
[3.19405433e-01 3.43396351e-10 5.63878737e+00]
[2.75638944e-09 1.19864228e-09 6.00000000e+00]
[2.72277747e-09 1.19958029e-09 6.00000000e+00]
[2.75638944e-09 1.19864228e-09 6.00000000e+00]
[0.87801562 0.21493299 3.91267144]
[7.58588366e-01 1.50602845e-09 4.66339401e+00]
