0.15369211703840815
0.15369211703840815
0.15369211703840815
0.15369211703840815
0.15369211703840815
0.15369211703840815
0.15369211703840815
0.15369211703840815
0.15369211703840815
0.15369211703840815
0.15369211703840815
0.15369211703840815
0.15369211703840815
0.15369211703840815
0.15369211703840815
0.15369211703840815
0.15369211703840815
0.15369211703840815
0.15369211703840815
0.15369211703840815
0.15369211703840815
0.15369211703840815
0.15369211703840815
0.15369211703840815
0.15369211703840815
0.15369211703840815
0.15369211703840815
0.15369211703840815
0.15369211703840815
0.15369211703840815
0.15369211703840815
0.15369211703840815
0.15369211703840815
0.1533002311283916
0.15105362558211316
0.14672668088977583
0.1380291613137059
0.1379422919755201
0.1365995279352774
0.1365995279352774
0.13544304100012053
0.1337944475538859
0.13109945422954797
0.12811553590340996
0.12832274914958156
0.12475039006950317
0.12306856321052792
0.12300026028631202
0.12285856599762394
0.12285856599762394
