ID: 20231205171825_5550

Problem: dtlz2
Number of objects: 3
Number of variables: 3

Algorithm choice: 2
Algorithm phase strategy: global + local
First phase rate: 0.5
Population size: 15
Maximum number of function evaluations: 50

IGD: 0.12285856599762394
GD: 0.06072564558535928
HV: 0.6095225295374629
Time cost: 99.04712677001953

non_dom_solutions:
[0.5655882015517602, 0.8771962700571108, 0.7561850683385496]
[0.26237577558537306, 0.9283870215395456, 0.5001603648389126]
[0.4737610246682052, 0.9771252392231204, 0.9683016589673036]
[0.7313020728037182, 0.8545829284407442, 0.29621637146034957]
[0.4097916940708959, 0.4497371744454862, 0.8397012736595727]
[0.16148225191622567, 0.04137469085850029, 0.17354046647264285]
[0.7993693103753297, 0.12054990133875465, 0.3719745866504393]
[0.5584443327457798, 0.24869771888544007, 0.22048428421462668]
[0.7097428968905565, 0.7165966141887778, 0.3932415719319115]
[0.6464701427957485, 0.35254236543563416, 0.3182171884092081]
[0.9559699654615877, 0.6675466676636582, 0.46788743432151436]
[0.13444633129284672, 0.4287919513952363, 0.6158789083475159]
[0.5023208706015911, 0.4705122896398518, 0.6758245117390609]
[0.09070248220293799, 0.7798988127101595, 0.4813194927041809]
[0.2842502212532033, 0.5464844480433079, 0.2109212186490466]
[0.3321784097707673, 0.9443236946905923, 0.6441923923278489]
[0.3460469262649836, 0.021442324971859942, 0.43228555165055454]
[0.4506974906376909, 0.6307503150618, 0.2749922112901446]
[0.03066616092706075, 0.27495255523359985, 0.5610323860425064]
[0.3764510820380856, 0.0927244579788989, 0.56970727324472]
[0.9998932083420967, 0.009594744950005396, 0.10982821758208802]
[0.9999093556302387, 0.551313060680782, 0.37392609176195113]
[0.4153878169160569, 0.9283870215395456, 0.48942695080613785]
[0.20020340115719695, 0.9283870215395456, 0.4546018428337403]
[0.012755592212381733, 0.93672815296085, 0.48942695080613785]
[0.9999093556302387, 0.12378805881087337, 0.4361364462770364]
[0.8524954281767212, 0.12054990133875465, 0.4747529075753086]
[0.059164902064956074, 0.8134209762612614, 0.46899028868908954]
[0.1442290171178871, 0.04363582155566045, 0.18664228889796192]
[0.025560826444120027, 0.21777016740517197, 0.37569033326275525]
[0.0039517006266442944, 0.4288358721169227, 0.42890268619267913]
[0.025361404321930375, 0.5272211376038078, 0.4291357319241436]
[0.025361404321930375, 0.6193035249604473, 0.4291357319241436]
[0.0027955351448127885, 0.6055907276429662, 0.43474680001568783]
[0.0039348461046630045, 0.6173124077203277, 0.4289040627353513]
[0.0051701420789297264, 0.5936978021751936, 0.42914070672404625]

non_dom_solutions_y:
[0.12883096 0.65956075 0.82701341]
[0.102853   0.91047512 0.40057006]
[0.03222274 0.89639429 0.82592202]
[0.09661293 0.41557882 0.95012645]
[0.67866189 0.57914762 0.669415  ]
[1.06890564 0.06956745 0.27768898]
[0.3094081  0.05929979 0.96633318]
[0.63732517 0.26246261 0.82903089]
[0.19175947 0.40191826 0.90808295]
[0.46324183 0.2864259  0.8778093 ]
[0.03450633 0.05995797 0.998638  ]
[0.7745123  0.61809198 0.21243624]
[0.53680357 0.48924387 0.73161914]
[0.33557077 0.93161905 0.14204314]
[0.63882475 0.73965748 0.46789551]
[0.07729619 0.88157363 0.50879112]
[0.85930487 0.02895365 0.51956554]
[0.43741938 0.66762077 0.68320351]
[0.9104999  0.41966393 0.04833103]
[0.82540193 0.12107822 0.56017278]
[1.93262935e-04 2.91296165e-06 1.15223400e+00]
[9.37136391e-05 1.10183951e-04 1.01589462e+00]
[0.08920281 0.78964097 0.60723438]
[0.10696721 0.94689496 0.30995835]
[0.09921482 0.99497664 0.02003734]
[1.40270381e-04 2.76240183e-05 1.00407854e+00]
[0.22567116 0.04325113 0.97389789]
[0.28792988 0.95414448 0.09289152]
[1.06761715 0.07329248 0.24667758]
[0.95584806 0.34034931 0.04076035]
[0.78550801 0.62695571 0.00623865]
[0.67909125 0.73979836 0.04002707]
[0.56536614 0.82995643 0.04002707]
[0.58312478 0.81760634 0.0044099 ]
[0.5684179  0.82885301 0.00621204]
[0.59873677 0.80716476 0.00816193]
