0.06479818025841758
0.06479818025841758
0.06479818025841758
0.06479818025841758
0.06479818025841758
0.06479818025841758
0.06479818025841758
0.06479818025841758
0.06479818025841758
0.06479818025841758
0.06479818025841758
0.06479818025841758
0.06479818025841758
0.06479818025841758
0.06479818025841758
0.06479818025841758
0.06479818025841758
0.06479818025841758
0.06479818025841758
0.06479818025841758
0.06479818025841758
0.06479818025841758
0.06479818025841758
0.06479818025841758
0.06479818025841758
0.06479818025841758
0.06479818025841758
0.06479818025841758
0.06479818025841758
0.06479818025841758
0.06479818025841758
0.06479818025841758
0.0681098044489532
0.0681098044489532
0.0681098044489532
0.0681098044489532
0.0681098044489532
0.0681098044489532
0.0681098044489532
0.06624771890087408
0.06624771890087408
0.06624771890087408
0.06612496384521123
0.06605335683881453
0.06480855657362967
0.060639436386216175
0.05999686514635944
0.05656630686192494
0.05622982647208211
0.05622982647208211
