ID: 20231205172350_5692

Problem: dtlz5
Number of objects: 3
Number of variables: 3

Algorithm choice: 2
Algorithm phase strategy: global + local
First phase rate: 0.5
Population size: 15
Maximum number of function evaluations: 50

IGD: 0.05622982647208211
GD: 0.013886183222396764
HV: 0.13538800497019504
Time cost: 86.69142484664917

non_dom_solutions:
[0.0735069113161366, 0.025846944453325978, 0.7124392525279596]
[0.464991716627111, 0.39227765873620035, 0.6803104251845994]
[0.7549011480774275, 0.4916766715292099, 0.47245192110961703]
[0.6044078879038489, 0.30996777010227444, 0.36142698936791473]
[0.39402897832887007, 0.4065184222736102, 0.5642878707097453]
[0.4152110627879519, 0.19523294667274704, 0.5358765377438839]
[0.522398915115225, 0.9786647123838688, 0.266896861990081]
[0.009963259001587114, 0.8475217964359993, 0.609000418287643]
[0.24678809237696636, 0.5490418753012042, 0.45038116865123506]
[0.48398952721471244, 0.177443298422166, 0.3938580953729695]
[0.5534815193795661, 0.5265843435506543, 0.6532663957295246]
[0.13045249781909563, 0.10744105405623276, 0.5058949881626199]
[0.3351961936568448, 0.9342989926931806, 0.40633651067533405]
[0.22203654001733392, 0.5490418753012042, 0.45038116865123506]
[0.9964576551567486, 0.9999013786125726, 0.5075939100888681]
[0.9998720243700432, 0.9999013786125726, 0.5099120039290131]
[0.19773845633034864, 0.9998497524158125, 0.5604437065229598]
[0.6326461612338022, 0.5524979836016087, 0.4569000295482096]
[0.63757670789512, 0.8332193382232469, 0.5099120039290131]
[0.6866392894369955, 0.5753392682591202, 0.4884719873488064]
[0.6458213504842667, 0.8162126675372401, 0.5033369775496592]
[0.6432902506468375, 0.7977313800005654, 0.5099120039290131]

non_dom_solutions_y:
[0.75732404 0.71011266 0.12040738]
[0.54674056 0.54094521 0.68886411]
[0.26576483 0.26575956 0.92750164]
[0.42191389 0.41719471 0.82868024]
[0.57866417 0.57796512 0.58256934]
[0.56303778 0.56234523 0.60772709]
[0.48822511 0.52760802 0.77129286]
[0.71082016 0.71999117 0.01583555]
[0.65612596 0.65637428 0.37894807]
[0.52110478 0.51525487 0.69686538]
[0.46655231 0.46744747 0.7818918 ]
[0.69235189 0.69232222 0.20349033]
[0.61302886 0.62034625 0.50694063]
[0.66604359 0.66629566 0.34258744]
[0.00393458 0.00393494 1.00004219]
[1.42148184e-04 1.42170116e-04 1.00009823e+00]
[0.67379619 0.6776588  0.30675312]
[0.38641534 0.38653353 0.83963902]
[0.38117445 0.38121365 0.84236494]
[0.3342098  0.33422031 0.88140025]
[0.37341375 0.37341788 0.8492017 ]
[0.37581573 0.37585026 0.84716918]
