1.383986081811844
1.383986081811844
1.383986081811844
1.383986081811844
1.383986081811844
1.383986081811844
1.383986081811844
1.383986081811844
1.383986081811844
1.383986081811844
1.383986081811844
1.383986081811844
1.383986081811844
1.383986081811844
1.383986081811844
1.383986081811844
1.383986081811844
1.383986081811844
1.383986081811844
1.383986081811844
1.383986081811844
1.383986081811844
1.383986081811844
1.383986081811844
1.383986081811844
1.383986081811844
1.383986081811844
1.383986081811844
1.383986081811844
1.383986081811844
1.383986081811844
1.383986081811844
1.383986081811844
1.383986081811844
1.383986081811844
1.383986081811844
1.383986081811844
1.383986081811844
1.383986081811844
1.383986081811844
1.383986081811844
1.383986081811844
1.383986081811844
1.383986081811844
1.383986081811844
1.383986081811844
1.383986081811844
1.383986081811844
1.383986081811844
1.383986081811844
1.383986081811844
1.383986081811844
1.383986081811844
1.383986081811844
1.383986081811844
1.383986081811844
1.383986081811844
1.383986081811844
1.383986081811844
1.383986081811844
1.383986081811844
1.383986081811844
1.383986081811844
1.383986081811844
1.383986081811844
1.383986081811844
1.383986081811844
1.383986081811844
1.383986081811844
1.383986081811844
1.383986081811844
1.383986081811844
1.383986081811844
1.383986081811844
1.383986081811844
1.383986081811844
1.383986081811844
1.383986081811844
1.383986081811844
1.383986081811844
1.383986081811844
1.383986081811844
1.383986081811844
1.383986081811844
1.383986081811844
1.383986081811844
1.383986081811844
1.383986081811844
1.383986081811844
1.383986081811844
1.383986081811844
1.383986081811844
1.383986081811844
1.383986081811844
1.383986081811844
1.383986081811844
1.383986081811844
1.383986081811844
1.383986081811844
1.383986081811844
1.383986081811844
1.383986081811844
1.383986081811844
1.383986081811844
1.383986081811844
1.383986081811844
1.383986081811844
1.383986081811844
1.383986081811844
1.383986081811844
1.383986081811844
1.383986081811844
1.383986081811844
1.383986081811844
1.383986081811844
1.383986081811844
1.383986081811844
1.383986081811844
1.383986081811844
1.383986081811844
1.383986081811844
1.383986081811844
1.383986081811844
1.383986081811844
1.383986081811844
1.383986081811844
1.383986081811844
1.383986081811844
1.383986081811844
1.383986081811844
1.383986081811844
1.383986081811844
1.383986081811844
1.383986081811844
1.383986081811844
1.2897225219723225
1.2897225219723225
1.2897225219723225
1.2897225219723225
1.2897225219723225
1.2897225219723225
1.2897225219723225
1.2897225219723225
1.2897225219723225
1.2897225219723225
1.2897225219723225
1.1516094666177772
1.1516094666177772
1.1516094666177772
1.1516094666177772
1.1516094666177772
1.1516094666177772
1.1516094666177772
1.1516094666177772
1.1516094666177772
1.1516094666177772
1.1294849933540643
1.1294849933540643
1.1294849933540643
1.0814446811465865
1.0814446811465865
1.0814446811465865
1.0814446811465865
1.0814446811465865
1.0738001461799889
1.0738001461799889
1.0738001461799889
1.0738001461799889
1.0738001461799889
1.0738001461799889
1.0738001461799889
1.021859947766457
1.021859947766457
1.021859947766457
1.021859947766457
1.021859947766457
1.021859947766457
1.0536811432749724
1.0536811432749724
1.0536811432749724
1.0536811432749724
1.0536811432749724
1.021674752002836
1.021674752002836
1.021674752002836
1.021674752002836
1.021674752002836
1.021674752002836
1.021674752002836
0.9658534753298995
0.9658534753298995
0.9658534753298995
0.9658534753298995
0.9658534753298995
0.9658534753298995
0.9658534753298995
0.9658534753298995
0.9658534753298995
0.9658534753298995
0.9658534753298995
0.9658534753298995
0.9658534753298995
0.9658534753298995
0.9561759670345565
0.9094980469589199
0.9094980469589199
0.9094980469589199
0.9093717401955362
0.9090827293950868
0.9090827293950868
0.9090827293950868
0.9090827293950868
0.9090827293950868
0.9090827293950868
0.9090827293950868
0.9090827293950868
0.9090827293950868
0.9090827293950868
0.9090827293950868
0.9090827293950868
0.9086335128953105
0.9086335128953105
0.9130283416092686
0.9130283416092686
0.9130283416092686
0.9130283416092686
0.9130283416092686
0.9130283416092686
0.9130283416092686
0.9130283416092686
0.8952176678183331
0.8952176678183331
0.7982371289471377
0.7982371289471377
0.7982371289471377
0.7982371289471377
0.7982371289471377
0.8557330917971698
0.8557330917971698
0.8557330917971698
0.8390987252021913
0.8390987252021913
0.8210895781701002
0.8210895781701002
0.8210895781701002
0.8210895781701002
0.8210895781701002
0.8210895781701002
0.8210895781701002
0.8210895781701002
0.8210895781701002
0.8210895781701002
0.8210895781701002
0.8210895781701002
0.8210895781701002
0.8210895781701002
0.8210895781701002
0.8210895781701002
0.8210895781701002
0.8210895781701002
0.8210895781701002
0.8210895781701002
0.8210895781701002
0.8210895781701002
0.8210895781701002
0.8210895781701002
0.8210895781701002
0.8239439826342371
0.8239439826342371
0.8239439826342371
0.8239439826342371
0.8239439826342371
0.8239439826342371
0.7907488313759786
0.7907488313759786
0.7907488313759786
0.7907488313759786
0.7907488313759786
0.7907488313759786
0.789903046588642
0.789903046588642
0.789903046588642
0.8166054832312256
0.8166054832312256
0.8166054832312256
0.8166054832312256
0.8166054832312256
0.8166054832312256
0.8166054832312256
0.8166054832312256
0.8166054832312256
0.8166054832312256
0.8166054832312256
0.8166054832312256
0.8166054832312256
0.8166054832312256
0.8166054832312256
0.8166054832312256
0.8166054832312256
0.8166054832312256
0.8166054832312256
0.8166054832312256
0.8166054832312256
0.7923275533784784
0.7923275533784784
0.8062881913779938
0.742331393236405
0.742331393236405
0.742331393236405
0.7418415274458636
0.7418415274458636
0.7418415274458636
0.7418415274458636
0.7418415274458636
0.7418415274458636
0.7418415274458636
0.7418415274458636
0.7418415274458636
0.7418415274458636
0.7418415274458636
0.7418415274458636
0.7418381150738225
0.7418381150738225
0.7418381150738225
0.7414319064931595
0.7414319064931595
0.7414319064931595
0.7412438582977985
0.7412231737789982
0.7412231737789982
0.7416225316655134
0.7376414054260195
0.7376414054260195
0.7376244857542911
0.7376174583968024
0.7376174583968024
0.7376174583968024
0.7375601654073791
0.7375601654073791
0.7375601654073791
0.7375601654073791
0.7375601654073791
0.7375601654073791
0.7375600536646675
0.7375600536646675
0.7375600536646675
0.7375600159172055
0.7375600159172055
0.7375600159172055
0.7375550016853853
0.7375550016853853
0.7375550016853853
0.7375549490770971
0.7375547266631503
0.7375007118003926
0.7374999811712792
0.7374999811712792
0.7374999811712792
0.7374999811712792
0.7374999811712792
0.7374999811712792
0.7373859723181697
0.7373744394747498
0.7373744319295763
0.7373744319295763
0.7373744319295763
0.7373744319295763
0.733581265288854
0.7335621126657158
0.7335621126657158
0.7335621126657158
0.7335621126657158
0.7335618093580288
0.7335618093580288
0.7334674278310571
0.7334674278310571
0.7334674278310571
0.7334670931950069
0.733443786081254
0.733443786081254
0.7061870784459766
0.706185066188344
0.706185066188344
0.706185066188344
0.706185066188344
0.7061842698741082
0.7061837455247525
0.7061837260367384
0.7061837260367384
0.7061837260367384
0.7061819077070053
0.7061819077070053
0.7061446506677709
0.7061350471017183
0.706114759467495
0.706114759467495
0.706114759467495
0.7061145818116646
0.7061145818116646
0.7061145812549319
0.7061143397876262
0.7376096569663252
0.7376091048413536
0.7376057591939117
0.7375579381526046
0.7375558858202164
0.7375558858202164
0.7375557519302781
0.7375448898859356
0.7375448898859356
0.7375448706631094
0.7375264724701243
0.7375264724701243
0.7375264724701243
0.7375255976204593
0.7375255976204593
0.7375255976204593
0.7375218491830452
0.7375218491830452
0.7375218491830452
0.7375218491830452
0.7375218491830452
0.7375218491830452
0.7375169935756426
0.7375169935756426
0.7375169935756426
0.7375129996692507
0.7375129996692507
0.7375129996692507
0.7375129996692507
0.7375023304445825
0.7375023304445825
0.7375023304445825
0.7375023304445825
0.7375023304445825
0.7375023304445825
0.7375023304445825
0.7375023304445825
0.7375023304445825
0.7375023304445825
0.7375023304445825
0.7375023304445825
0.7375023304445825
0.7375023304445825
0.7375023304445825
0.7375023304445825
0.7375023304445825
0.7375023304445825
0.7375023304445825
0.7375023304445825
0.7375023304445825
0.7375008743208806
0.7375008743208806
0.7375008743208806
0.7375008743208806
0.7375008743208806
0.7375008743208806
0.7375008743208806
0.7375008743208806
0.7375008743208806
0.7375008743208806
0.7375008743208806
0.7375008743208806
0.7375008743208806
0.7375008743208806
0.7375008743208806
0.7375008743208806
0.7375008743208806
0.7375008743208806
0.7374982996158624
0.7374982996158624
0.7374978418461768
0.7374978418461768
0.7374978418461768
0.7374978418461768
0.7374978418461768
0.7374978418461768
0.7375051653687594
0.7375051653687594
0.7375051653687594
0.7375051653687594
0.7375051653687594
0.7375051653687594
0.7375051653687594
0.7375051653687594
0.7375051653687594
0.7374966995896332
0.7374966995896332
0.7374966995896332
0.7374966933071305
0.7374966933071305
0.7374966933071305
0.7374966933071305
0.7374495100386561
0.7374495100386561
0.7374495100386561
0.7374495100386561
0.7374495100386561
0.7374495100386561
0.7374495100386561
