52.53323257681649
52.53323257681649
52.53323257681649
52.53323257681649
52.53323257681649
52.53323257681649
52.53323257681649
52.53323257681649
52.53323257681649
52.53323257681649
52.53323257681649
52.53323257681649
52.53323257681649
52.53323257681649
52.53323257681649
52.53323257681649
52.53323257681649
52.53323257681649
52.53323257681649
52.53323257681649
52.53323257681649
52.53323257681649
52.53323257681649
52.53323257681649
52.53323257681649
52.53323257681649
52.53323257681649
52.53323257681649
52.53323257681649
52.53323257681649
52.53323257681649
52.53323257681649
52.53323257681649
52.53323257681649
52.53323257681649
52.53323257681649
52.53323257681649
52.53323257681649
52.53323257681649
52.53323257681649
52.53323257681649
52.53323257681649
52.53323257681649
52.53323257681649
52.53323257681649
52.53323257681649
52.53323257681649
52.53323257681649
52.53323257681649
52.53323257681649
52.53323257681649
52.53323257681649
52.53323257681649
52.53323257681649
52.53323257681649
25.3161311344287
19.677043663265998
6.611843568125799
6.611843568125799
6.611843568125799
6.344829076054372
6.344829076054372
6.344829076054372
6.344829076054372
6.013559397321641
5.100981651283646
5.100981651283646
5.100981651283646
5.100981651283646
5.100981651283646
5.100981651283646
5.100981651283646
5.100981651283646
5.100966744128842
5.072895156612751
5.072895156612751
5.072895156612751
5.072895156612751
5.072895156612751
2.1068777044714797
2.1068777044714797
2.0353962118764697
2.0353962118764697
2.0353962118764697
2.0353962118764697
2.0353962118764697
2.0353962118764697
2.0353962118764697
1.3235851549554776
1.3235851549554776
1.2058099144005807
1.2058099144005807
0.8109312679440149
0.8109312679440149
0.8109312679440149
0.8109312679440149
0.8109312679440149
0.8109312679440149
0.8026248995894354
0.8026248995894354
0.8026248995894354
0.7989234470101321
0.7989234470101321
0.7985983941985357
0.7985983941985357
0.7985983941985357
0.7985983941985357
0.7985983941985357
0.7985983941985357
0.7985983941985357
0.7985983941985357
0.7985983941985357
0.7985983941985357
0.7985983941985357
0.7985983941985357
0.7985983941985357
0.794340031275424
0.794340031275424
0.794340031275424
0.794340031275424
0.794340031275424
0.794340031275424
0.794340031275424
0.794340031275424
0.794340031275424
0.794340031275424
0.794340031275424
0.7360865304240413
0.5397003731265613
0.5397003731265613
0.5397003731265613
0.5397003731265613
0.5397003731265613
0.5243425878203231
0.5243425878203231
0.5195553548483952
0.5195553548483952
0.5117781276243915
0.5114057729785949
0.5108346818559637
0.4743334597047164
0.4733359297078627
0.4103230456754613
0.40747171996502896
0.40741208665536144
0.40741208665536144
0.40741208665536144
0.40741208665536144
0.40104170815817697
0.40104170815817697
0.3941837406767173
0.3935511540732416
0.3934062012708083
0.38038616200325837
0.35772415940176494
0.34604946786664253
0.3374610059707728
0.32848880635086564
0.2991444144657615
0.2991444144657615
0.2975884297418447
0.2885289162395922
0.286868764698162
0.28038412355002496
0.28038412355002496
0.28038412355002496
0.27843903229233696
0.2728220849684983
0.2728220849684983
0.2728220849684983
0.2728220849684983
0.2728220849684983
0.23611852745282716
0.23606426498757727
0.2341440261820184
0.21944125868153264
0.2100520315172117
0.1927188611830788
0.1927188611830788
0.18712679156297282
0.18712679156297282
0.18702728117064124
0.18128414559233413
0.18128414559233413
0.1812840637912633
0.1804769164670062
0.1804769164670062
0.18019836938227207
0.18019580441258223
0.1801350172324287
0.18009424837109922
0.18009424837109922
0.18009424837109922
0.1781010171098542
0.17372084074246286
0.17372084074246286
0.17372084074246286
0.17340962224529263
0.17340962224529263
0.17340962224529263
0.17419841815120585
0.17366855270546
0.17366855270546
0.16667724869804648
0.1635704951498007
0.16347587515284406
0.16322752893639184
0.15660991340655664
0.15576095941265822
0.15576095941265822
0.15576095941265822
0.15576095941265822
0.15576095941265822
0.1552385953786592
0.15096228278766752
0.15096228278766752
0.1499695289859013
0.1499695289859013
0.14888457756805304
0.1459919427771192
0.14479713016217718
0.1447728787523282
0.1447728787523282
0.1447728787523282
0.1447728787523282
0.14438949496545822
0.14438949496545822
0.14058719571980327
0.14058719571980327
0.14058719571980327
0.14058719571980327
0.14054969989790286
0.14054969989790286
0.14054969989790286
0.13845093852387233
0.1385902100852273
0.1385902100852273
0.1385902100852273
0.13607684543385934
0.13554386125087023
0.13554386125087023
0.13547410717331718
0.13417851161212466
0.12823045179718928
0.12823045179718928
0.12823045179718928
0.12687462176132933
0.1266118367674313
0.1266118367674313
0.12408867125254999
