0.6845137327458937
0.6845137327458937
0.6845137327458937
0.6845137327458937
0.6845137327458937
0.6845137327458937
0.6845137327458937
0.6845137327458937
0.6845137327458937
0.6845137327458937
0.6845137327458937
0.6845137327458937
0.6845137327458937
0.6845137327458937
0.6845137327458937
0.6845137327458937
0.6845137327458937
0.6845137327458937
0.6845137327458937
0.6845137327458937
0.6845137327458937
0.6845137327458937
0.6845137327458937
0.6845137327458937
0.6845137327458937
0.6845137327458937
0.6845137327458937
0.6845137327458937
0.6845137327458937
0.6845137327458937
0.6845137327458937
0.6845137327458937
0.7145564046106907
0.7145564046106907
0.7145564046106907
0.7145564046106907
0.7145564046106907
0.7145564046106907
0.6259185124530338
0.6259185124530338
0.6259185124530338
0.6259185124530338
0.6259185124530338
0.6259185124530338
0.6259185124530338
0.6259185124530338
0.6259185124530338
0.6259185124530338
0.4546742651782301
0.4492692776456407
0.4508464162281242
0.4403423781179251
0.43880202478290664
0.43851765105483775
0.4385029432742998
0.44048924124270744
0.44047828165201264
0.4394022748376503
0.43911203533657456
0.4391112529935008
0.43706044344967143
0.4370160075373716
0.4370130279665353
0.43693940295394024
0.4369325665988124
0.40494147931614605
0.40354921679583367
0.40245372535624563
0.4022986815601455
0.4022986815601455
0.4022970092440577
0.4022970092440577
0.4022970092440577
0.3889402634793345
0.3745577567635963
0.3733931521301394
0.3733931521301394
0.37337740557069415
0.37347657705644305
0.37347657705644305
0.3734765396029283
0.3731787795403439
0.3731738023106505
0.3731738023106505
0.3731738023106505
0.3731738023106505
0.3731737962795038
0.3731737962795038
0.3731737943986969
0.37314986722460874
0.373149866586727
0.3731287734473535
0.3731286901225727
0.37248174202579737
0.3721955913778704
0.37357236418614054
0.3727593568139304
0.37275935675196364
0.372373495278719
0.37208838216672946
0.37208838210035533
0.37208838203929295
0.37199317755895567
0.3719924308725185
0.371992430843706
0.3719905793772416
0.3719905793770435
0.37197806673422656
0.3719772429495849
0.3719770293732879
0.3719770293732879
0.371976995423176
0.3719633918476202
0.3719626887672887
0.37196213997613387
0.3719591031362012
0.3719591031362012
0.3719418025770389
0.3719418025760035
0.37159124350713507
0.37016435071159914
0.3699994242856771
0.3690810627339928
0.3690810627339928
0.3690800152368983
0.36907987119305924
0.36907977281035576
0.36907977281035576
0.36907977281035576
0.36907977281035576
0.36907977281035576
0.36907960388016403
0.36907960388016403
0.36907960388016403
0.36907960388016403
0.3689924401955304
0.3689924401955304
0.3689407203954331
0.3689407203954331
0.3689407203954331
0.3689407203954331
0.3689407203954331
0.3689407203954331
0.3689407203954331
0.3689407203954331
0.3689407203954331
0.3689383141122173
0.3689383141122173
0.36893085408282783
0.3689308053093834
0.3689289498150714
0.36892670115488374
0.36892643783429
0.36892643783429
0.3689221734583329
0.3689221734583329
0.3689221734583329
0.3689184294413202
0.3793012957166965
0.37930108901989384
0.37930108901989384
0.37930108901989384
0.3792996470156183
0.3792994775323379
0.3791614594368537
0.3791019724671517
0.3790701646272574
0.37906971727147964
0.3790694941125937
0.3790687721949046
0.37906773024743917
0.37906773024743917
0.3790672606545156
0.3790672606545156
0.3790653770631642
0.3789855767165207
0.3789859078259475
0.3789859078259475
0.3789859078259475
0.3789859078259475
0.3789859078259475
0.3789859078259475
0.3789859078259475
0.3789859078259475
0.3789859078259475
0.37898590782551833
0.37898590782551833
0.37898590782551833
0.37898590782551833
0.37898590782551833
0.378956260917945
0.378956260917945
0.378956260917945
0.378956260917945
0.3789558912655099
0.37895544044101687
0.37882697019165845
0.37882697019165845
0.37882697019165845
0.37882697019165845
0.37882697019165845
0.3788205129486938
0.3788205129486938
0.3788205129486938
0.3788205129486938
0.3788202294818175
0.3788202294818175
0.3788202294818175
0.3788202294818175
0.3788202294818175
0.3788202294818175
0.3788202294818175
0.3788202294818175
0.3788202294818175
0.37881297853854123
0.37881297853854123
0.37881297853854123
0.37881297853854123
0.37881297853854123
0.37881297853854123
0.37881297853854123
0.3788124172785111
0.37881214272820823
0.37881214272820823
0.37881214272820823
0.37881214272820823
0.37881214272820823
0.37881214272820823
0.37881214272820823
0.37881214272820823
0.37880988795265125
0.37880988795265125
0.3786974298576379
0.3786974298576379
0.3786974298576379
0.3786974298576379
0.3786974298576379
0.3786974298576379
0.3786974298576379
0.3786974298576379
0.3786974298576379
0.3786974298576379
0.3786974298576379
0.3786901652719229
0.3786901652719229
0.3786901652719229
0.3786901652719229
0.3786901652719229
0.3786901652719229
0.3786901652719229
