1.167066476492132
1.167066476492132
1.167066476492132
1.167066476492132
1.167066476492132
1.167066476492132
1.167066476492132
1.167066476492132
1.167066476492132
1.167066476492132
1.167066476492132
1.167066476492132
1.167066476492132
1.167066476492132
1.167066476492132
1.167066476492132
1.167066476492132
1.167066476492132
1.167066476492132
1.167066476492132
1.167066476492132
1.167066476492132
1.167066476492132
1.167066476492132
1.167066476492132
1.167066476492132
1.167066476492132
1.167066476492132
1.167066476492132
1.167066476492132
1.167066476492132
1.167066476492132
1.167066476492132
1.167066476492132
1.167066476492132
1.167066476492132
1.167066476492132
1.167066476492132
1.167066476492132
1.167066476492132
1.167066476492132
1.167066476492132
1.167066476492132
1.167066476492132
1.167066476492132
1.167066476492132
1.167066476492132
1.167066476492132
1.167066476492132
1.167066476492132
1.167066476492132
1.167066476492132
1.167066476492132
1.167066476492132
1.167066476492132
1.167066476492132
1.167066476492132
1.0297861966697406
1.0297861966697406
1.0297861966697406
1.0297861966697406
1.0297861966697406
1.0297861966697406
0.9519574243007083
1.0031751354642446
0.9410025750914482
0.9024987199257815
0.8895540516515412
0.883460653862078
0.881820411758076
0.881820228466343
0.8835498840061348
0.8833997718519958
0.8834428125352853
0.8834732009150834
0.8834584339064359
0.8834551978620203
0.883455197312885
0.8834616711003044
0.8834586251216374
0.8834566820399621
0.8834566819977228
0.8834572967655351
0.8834570960734444
0.8834570654144648
0.8834570654135507
0.8834570402848408
0.8834570402848408
0.8834570402840324
0.8834570402840324
0.8834570402840324
0.8834570402840324
0.8834570402840324
0.8834570402840324
0.8834570690894907
0.8834570690894907
0.8834570690894907
0.8834570690894907
0.8834570690894907
0.8834570690894907
0.8834570690891204
0.8834570690891204
0.8834570690891173
0.8834570690891173
0.8834570690891173
0.8834570690891173
0.8834570690891173
0.8834570690891173
0.8834570706048275
0.8834570706048275
0.8834570706048275
0.8834570706048275
0.8834570706048275
0.8834570706048275
0.8812417049237171
0.8812417049237171
0.8812417049237171
0.8812417049237171
0.8812417049237171
0.8812417049237171
0.8812417049237171
0.7598496989627509
0.7598496989627509
0.7598496989627509
0.7598496989616298
0.7598496989616298
0.7598496989616298
0.7598496989621211
0.7598496989621211
0.7598496989621211
0.7598496989621211
0.7598496989621211
0.7598496989621211
0.7598496989621211
0.7598496989621211
0.7598496989621211
0.7598496989621211
0.7598496989604329
0.7598496989604329
0.7598496989604329
0.7598496989604329
0.7598496989604329
0.7598496989604329
0.7598496989604329
0.7596550070711485
0.7596550070711485
0.7596550070711485
0.7596550070711485
0.7596550070711485
0.7596550070711485
0.7596550070711485
0.7465879177589422
0.7465874711973413
0.7465874711973413
0.7465874711973413
0.7465874711973413
0.7465874711973413
0.7465874711973413
0.7465874711973413
0.7465874711973413
0.7465874711973413
0.7465874711973413
0.7465874711973413
0.7465874711973413
0.7465874711973413
0.7465874711973413
0.7465560881071455
0.7465440294842401
0.7465440294842401
0.7465440294842401
0.7465440294842401
0.7465440294842401
0.7465440294842401
0.7465438531469927
0.7465438531469927
0.7465438531469927
0.7465438531469927
0.7462596018884325
0.7462596018884325
0.7462596018884325
0.7462596018884325
0.7462596018884325
0.7462596018884325
0.7462596018884325
0.7462596018884325
0.7462596018884325
0.7462596018884325
0.7462596018884325
0.7462596018884325
0.7462596018884325
0.7462596018884325
0.7462596018884325
0.7462596018884325
0.7462596018884325
0.7462596018884325
0.7462596018884325
0.7462596018884325
0.7462596018882447
0.7462596018882447
0.7462596018882447
0.7462596018882447
0.7462596018882447
0.7462596018877109
0.7462596018877109
0.7462596018877109
0.7462306741099245
0.7462306741099245
0.7462306741099245
0.7462306741099245
0.7462306741099245
0.7462306741099245
0.7462306741099245
0.7462306741099245
0.7462306741099245
0.7462306741099245
0.7462306741099245
0.7462306741099245
0.7462306741099245
0.7462306741099245
0.7462306741099245
0.7458235246489133
0.7458235246489133
0.7458233365359821
0.7458233365359821
0.7458233365359821
0.7458233365359821
0.7458102631108663
0.7458102631108663
0.7458102631108663
0.7458102631108663
0.7458102631108663
0.7458102631108663
0.7458102631108663
0.7458102631108663
0.7458102631108663
0.7458102631108663
0.7458102631108663
0.7458102631108663
0.7458102631108663
0.7458102631108663
0.7458102631108663
0.7458102631108663
0.7458102631108663
0.7458102631108663
0.7458102631108663
0.7458102631108663
0.7458102631108663
0.7453440973054812
0.7453440973054812
0.7453440973054812
