2.1459603547345956
2.1459603547345956
2.1459603547345956
2.1459603547345956
2.1459603547345956
2.1459603547345956
2.1459603547345956
2.1459603547345956
2.1459603547345956
2.1459603547345956
2.1459603547345956
2.1459603547345956
2.1459603547345956
2.1459603547345956
2.1459603547345956
2.1459603547345956
2.1459603547345956
2.1459603547345956
2.1459603547345956
2.1459603547345956
2.1459603547345956
2.1459603547345956
2.1459603547345956
2.1459603547345956
2.1459603547345956
2.1459603547345956
2.1459603547345956
2.1459603547345956
2.1459603547345956
2.1459603547345956
2.1459603547345956
2.1459603547345956
2.1459603547345956
2.1459603547345956
2.1459603547345956
2.1459603547345956
2.1459603547345956
2.1459603547345956
2.1459603547345956
2.1459603547345956
2.1459603547345956
2.1459603547345956
2.1459603547345956
2.1459603547345956
2.1459603547345956
2.1459603547345956
2.1459603547345956
2.1459603547345956
2.1459603547345956
2.1459603547345956
2.1459603547345956
2.1459603547345956
2.1459603547345956
2.1459603547345956
2.1459603547345956
2.1459603547345956
2.1459603547345956
2.1459603547345956
2.1459603547345956
2.1459603547345956
2.1459603547345956
2.1459603547345956
2.1459603547345956
2.1459603547345956
2.1459603547345956
2.1459603547345956
2.1459603547345956
2.1459603547345956
2.1459603547345956
2.1459603547345956
2.1459603547345956
2.1459603547345956
2.1459603547345956
2.1459603547345956
2.1459603547345956
2.1459603547345956
2.1459603547345956
2.1459603547345956
2.1459603547345956
2.1459603547345956
2.1459603547345956
2.1459603547345956
2.1459603547345956
2.1459603547345956
2.1459603547345956
2.1459603547345956
2.1459603547345956
2.1459603547345956
2.1459603547345956
2.1459603547345956
2.1459603547345956
2.1459603547345956
2.1459603547345956
2.1459603547345956
2.1459603547345956
2.1459603547345956
2.1459603547345956
2.1459603547345956
2.1459603547345956
2.1459603547345956
2.1459603547345956
2.1459603547345956
2.1459603547345956
2.1459603547345956
2.1459603547345956
2.1459603547345956
2.1459603547345956
2.1459603547345956
2.1459603547345956
2.118979447566043
1.9062817807284027
1.9062817807284027
1.9062817807284027
1.9062817807284027
1.9062817807284027
1.9062817807284027
1.9062817807284027
1.9062817807284027
1.9062817807284027
1.9062817807284027
1.9062817807284027
1.9062817807284027
1.9062817807284027
1.9062817807284027
1.9062817807284027
1.9062817807284027
1.9062817807284027
1.9062817807284027
1.6375541722584923
1.6375541722584923
1.6375541722584923
1.6375541722584923
1.6375541722584923
1.6375541722584923
1.6375541722584923
1.3595909772551062
1.3595909772551062
1.3595909772551062
1.3595909772551062
1.3595909772551062
1.241212403490874
1.241212403490874
1.241212403490874
1.241212403490874
1.241212403490874
1.241212403490874
1.241212403490874
1.241212403490874
1.241212403490874
1.241212403490874
1.241212403490874
1.241212403490874
1.241212403490874
1.241212403490874
1.241212403490874
1.241212403490874
1.241212403490874
1.241212403490874
1.241212403490874
1.2412123896886849
1.241212403490874
1.241212403490874
1.074697971374389
1.074697971374389
1.0221424111842912
1.0221424111842912
1.0221424111842912
1.0221424111842912
1.0221424111842912
1.0221424111842912
1.0221424111842912
1.0221424111842912
1.0221424111842912
1.0221424111842912
1.0221424111842912
1.0221424111842912
1.0221424111842912
1.0221424111842912
1.0734981946992574
1.0734981946992574
1.0734981946992574
1.0734981946992574
1.0734981946992574
1.0195351773864938
1.0195351773864938
1.0195351773864938
1.0195351773864938
1.0195351773864938
1.0195351773864938
1.0195351773864938
1.0195351773864938
1.0195351773864938
1.0195351773864938
1.0194688797728717
1.0194688797728717
1.0194688797728717
1.0194688797728717
1.0097451724164208
1.0097451724164208
1.0097451724164208
1.0097451724164208
0.9881543880344233
0.9881543880344233
0.9881543880344233
0.9881543880344233
0.9881543880344233
0.9881543880344233
0.9881543880344233
0.9881543880344233
0.9881543880344233
0.9881543880344233
0.9881543880344233
0.9881543880344233
0.9881543880344233
0.9881543880344233
0.9881543880344233
0.9881543880344233
0.9881543880344233
0.9745085255644489
0.9745085255644489
0.9745085255644489
0.9745085255644489
0.9745085255644489
0.9745085255644489
0.9745085255644489
0.9745085255644489
0.9745085255644489
0.9745085255644489
0.9745085255644489
0.9745085255644489
0.9745085255644489
0.9745085255644489
0.9745085255644489
0.8805027956552963
0.8805027956552963
0.8805027956552963
0.8805027956552963
0.9290557039232399
0.9290557039232399
0.9290557039232399
0.9277639371083553
0.9271925656569158
0.9271925656569158
0.9271925656569158
0.9271925656569158
0.9271925656569158
0.9271925656569158
0.9271925656569158
0.9271925656569158
0.9271925656569158
0.9115749089502765
0.9115749089502765
0.9115749089502765
0.9115749089502765
0.9115749089502765
0.9115749089502765
0.9115749089502765
0.9115749089502765
0.9115749089502765
0.9115749089502765
0.9115749089502765
0.9115749089502765
0.9115749089502765
0.9115749089502765
0.9115749089502765
0.9115749089502765
0.9115749089502765
0.9115749089502765
0.9115749089502765
0.9115749089502765
0.9115749089502765
0.9115749089502765
0.9115749089502765
0.9115749089502765
0.9115749089502765
0.9115749089502765
0.9115749089502765
0.9115749089502765
0.9115749089502765
0.9115749089502765
0.9116377804930954
0.9116377804930954
0.9116377804930954
0.9116377804930954
0.9118706937268102
0.9118706937268102
0.9118706937268102
0.9118706937268102
0.9118706937268102
0.9118706937268102
0.9118706937268102
0.9118706937268102
0.9116085235986766
0.9116085235986766
0.9116085235986766
0.9116085235986766
0.9116085235986766
0.9116085235986766
0.9116085235986766
0.9116085235986766
0.9116085235986766
0.9103694411831593
0.9103842747624149
0.9103842747624149
0.9062651050012421
0.9062651050012421
0.9062651050012421
0.9062651050012421
0.9062651050012421
0.9062651050012421
0.9062651050012421
0.9062651050012421
0.9062651050012421
0.9062651050012421
0.9062651050012421
0.9062651050012421
0.9062651050012421
0.9062651050012421
0.9062651050012421
0.9062651050012421
0.9062651050012421
0.9062651050012421
0.9062651050012421
0.9006742015434095
0.9006742015434095
0.9006742015434095
0.9006742015434095
0.9006742015434095
0.9006742015434095
0.9006742015434095
0.9006742015434095
0.9006742015434095
0.9006742015434095
0.9006742015434095
0.9006742015434095
0.9006742015434095
0.9006742015434095
0.9006742015434095
0.9006742015434095
0.9006742015434095
0.9006742015434095
0.9006742015434095
0.9006742015434095
0.8467134071659297
0.8467134071659297
0.8467134071659297
0.8467134071659297
0.8467134071659297
0.8467134071659297
0.8467134071659297
0.8467134071659297
0.8467134071659297
0.8467134071659297
0.8467134071659297
0.8467134071659297
0.8467134071659297
0.8467134071659297
0.8467134071659297
0.8467134071659297
0.8467134071659297
0.8467134071659297
0.846624051959992
0.846624051959992
0.8465384402282353
0.8465384402282353
0.8465384402282353
0.8465384402282353
0.8465384402282353
0.8465384402282353
0.8465384402282353
0.8212453450463011
0.8212453450463011
0.8212453450463011
0.8212453450463011
0.8212453450463011
0.8212453450463011
0.8212051065289118
0.8212051065289118
0.8212051065289118
0.8212051065289118
0.8212051065289118
0.8212051065289118
0.8212051065289118
0.8212051065289118
0.8212051065289118
0.8212051065289118
0.8212051065289118
0.8212051065289118
0.8212051065289118
0.8212051065289118
0.8212051065289118
0.8212051065289118
0.8212051065289118
0.8212051065289118
0.8212051065289118
0.8212051065289118
0.8212051065289118
0.8212051065289118
0.8212051065289118
0.8212051065289118
0.8212051065289118
0.8893088109194965
0.8893088109194965
0.8893088109194965
0.8893088109194965
0.8870859014910343
0.8870859014910343
0.8110438379925082
0.8110438379925082
0.8087080702209334
0.8087080702209334
0.8087080702209334
0.8087080702209334
0.8085607540240387
0.8085607540240387
0.8085607540240387
0.8083880867234909
0.8083880867234909
0.8083880867234909
0.8083880867234909
0.8083880867234909
0.8083880867234909
0.8081058445271312
0.8081058445271312
0.8081058445271312
0.8081058445271312
0.8081058445271312
0.8081058445271312
0.8081058445271312
0.8081058445271312
0.8081058445271312
0.8081058445271312
0.8081058445271312
0.8080800331485285
0.8080800331485285
0.8080800331485285
0.8080800331485285
0.8080755829708234
0.8080755829708234
0.8080755829708234
0.8080755829708234
0.8080755829708234
0.8080755829708234
0.8080755829708234
0.8080755829708234
0.8080755829708234
0.8080755829708234
0.8080755829708234
0.8080755829708234
0.8080755829708234
0.8080755829708234
0.8080755829708234
0.8080750614376191
0.8080750614376191
0.8080750614376191
0.8080750614376191
0.8080750614376191
0.8080750614376191
0.8080750614376191
0.8080750614376191
0.8080750614376191
0.8080750614376191
0.8080750614376191
0.8080750614376191
0.8080750614376191
0.8080750614376191
0.8080750614376191
0.8080750614376191
0.8080750614376191
0.8080750614376191
0.8080750614376191
0.8080750614376191
0.8080744732916397
0.8080744732916397
0.8080744732916397
0.8080743342191846
0.8080740575493481
0.8080740271438969
0.8080740271438969
0.7571331472614178
0.7571331472614178
0.7571331472614178
0.7570282850738996
0.7570282850738996
0.7570282850738996
0.7570282850738996
0.7570281909852743
0.7570281909852743
0.7570281909852743
0.7570281909852743
0.7570281909852743
0.7570281909852743
0.7570281909852743
0.7570281909852743
0.7568773648735303
0.7568772995615481
0.7568772995615481
0.7568772995615481
0.7568772995615481
0.7568744943476916
