0.6265298252978537
0.6265298252978537
0.6265298252978537
0.6265298252978537
0.6265298252978537
0.6265298252978537
0.6265298252978537
0.6265298252978537
0.6265298252978537
0.6265298252978537
0.6265298252978537
0.6265298252978537
0.6265298252978537
0.6265298252978537
0.6265298252978537
0.6265298252978537
0.6265298252978537
0.6265298252978537
0.6265298252978537
0.6265298252978537
0.6265298252978537
0.6265298252978537
0.6265298252978537
0.6265298252978537
0.6265298252978537
0.6265298252978537
0.6265298252978537
0.6265298252978537
0.6265298252978537
0.6265298252978537
0.6265298252978537
0.6265298252978537
0.46731882549275594
0.4668138475788154
0.4667665624085658
0.4667080207265953
0.46670722044137447
0.46670722044137447
0.46670722044137447
0.4637638610271052
0.46392562619525746
0.46392562619525746
0.4632311063359595
0.4579455050220399
0.4579455050220399
0.45185131357892183
0.45185131357892183
0.4427201616856258
0.43968610455432494
0.43848151778187455
0.4384661428985141
0.438282194467654
0.43698382051814416
0.4369460101946863
0.4369380308676279
0.4369358099412143
0.4369752600612456
0.4340411515263696
0.42948270270639427
0.42945530198408816
0.4294190871786224
0.4269233927463465
0.42549845935742703
0.4242163849004311
0.42401871512091066
0.4241028094071434
0.4241028094071434
0.42824654026328635
0.4282463718645646
0.4282463773114642
0.4282463773114642
0.41876043440548255
0.418756110419597
0.418756110419597
0.4167177628485233
0.4167177628485233
0.416687593894677
0.4166237929020526
0.4121909355852102
0.41195530615275266
0.4117742471752386
0.41172822002611686
0.4117232914529921
0.4115513624837505
0.4115513605109565
0.4115015211371398
0.4114891091980567
0.41148769916031636
0.4114827345913282
0.4114806501445684
0.4114794378283159
0.41132583393551503
0.41082634543596913
0.4104160074474974
0.40898892093159067
0.408378721872902
0.4083127181092065
0.40827885470242326
0.40826026570416635
0.408259679113094
0.40820923965478273
0.40820792246742177
0.40820792246742177
0.4081610985633247
0.4081008995708536
0.4081008995708536
0.40810088263433053
0.4081008556671167
0.4081008386473452
0.4081008513618445
0.4079584472960326
0.4079584472960326
0.4079584472960326
0.4079584472960326
0.4079584472960326
0.4079584472960326
0.4079584472960326
0.4079583370585551
0.40760154041530394
0.40760154041530394
0.40760154041530394
0.40760154041530394
0.4074750874298739
0.4074750874298739
0.4074750874298739
0.40738278347970475
0.40738217184860276
0.40738217184860276
0.4073802037798144
0.4073789707329604
0.40737796144806615
0.4074073083435653
0.40784040449290976
0.4078404021673251
0.4078404006275453
0.40784039985972836
0.4078403998050471
0.40784039977577646
0.40784039977271297
0.4078403997723881
0.4078403997723881
0.4078403997723881
0.4078403997723382
0.40784039977160974
0.40784039977160974
0.40784039977160974
0.4076664559945045
0.4074098013960312
0.40732297131423956
0.40732297131423956
0.4072646061245977
0.4070743119508255
0.4070718538402647
0.40706340232671284
0.4070619592938097
0.40706195822619545
0.40706195822619545
0.40704664632556475
0.40704602014127506
0.4067705019593151
0.4067702859254752
0.40675042524247784
0.406750416620219
0.40675038479625897
0.4067502630229471
0.40675019572146603
0.4067499659668365
0.40672912236731457
0.406729061238888
0.40672894263843185
0.4067288825909586
0.4067288825909586
0.40672487134326396
0.4067248056335686
0.4067244563941047
0.4067234466592643
0.4067234466592643
0.4067230077857359
0.40673114059745485
0.40673089253983485
0.4067298944998009
0.40672653785968604
0.4067265250915995
0.4067261416586829
0.4067261416586829
0.4067261416586829
0.40672512806392136
0.40672512806392136
0.40672512806392136
0.40672512806392136
0.40672469892721597
0.40672460109108594
0.4067022273553329
0.4067016578009666
0.4067009178032964
0.4067009195289137
0.4067009139392265
0.4067009139392265
0.4067009138745093
0.40670091324977203
0.40670091324977203
0.40670091324977203
0.40670091324977203
0.40670091324977203
0.40670091324977203
0.40670091324977203
0.40670091324977203
0.37018695095994725
0.37018695095994725
0.37018695095994725
0.37018695095994725
0.37018695095994725
0.37018695095994725
0.3701869509598278
0.3698981860455631
0.3690937438428231
0.36865271311691966
0.36865271311691966
0.36865271311691966
0.36865271311691966
0.36864976873835187
0.36864921864079747
0.3659007816453761
0.36589769863216776
0.36589760969713003
0.3658972728931519
0.3658972477000429
0.3658968418275312
0.3658227137176825
0.36582215722977424
0.36582215722977424
0.36582152266842816
0.36582152266842816
0.3658215226683973
0.36557104091582826
0.36557104091582826
0.36557104091582826
0.36537604358540576
0.36537567454572845
0.36537567454572845
0.365276150873111
0.3652039812501961
0.3652039812501961
0.3652037732513231
0.36520333332920246
0.36520333260415705
0.36520333260415705
0.3652020344231208
0.3652019998123479
0.3652019063687509
0.3652016078640729
0.3652016078640729
0.3652016078640729
0.3652016078640729
0.36520160123201173
0.36520160122701967
0.36520160122701967
0.3650217828183752
0.36487614176503685
0.3635089687207281
0.36327052671071414
0.3632094323356046
0.36319868242680803
0.36316822766100954
0.3631670925174918
0.36316331356143844
0.363160447855844
0.363160447855844
0.3631522727857508
0.3618166367849047
0.3618020277042677
0.36176940721627043
0.3617138223920484
0.36171364394995476
0.36171251204278126
0.361700207911183
0.3616940881770154
0.3616940881770154
0.36154794621793596
0.361535511511529
0.36151929894468227
0.3614980120965466
0.361466474434196
0.3614657405299963
0.3614657405299963
0.3614585753543138
0.361458475067183
0.3614584665108608
0.36145816776768847
0.3613547377297989
0.36086325757997034
0.36086214167845115
0.3608620547955306
0.3608620455746417
0.3608617952902094
0.3608508830485293
0.36084888651563973
0.36084888651563973
0.36006777398090845
0.360058812780126
