ID: 20231201165543_27157

Problem: dtlz7
Number of objects: 3
Number of variables: 3

Algorithm choice: 2
Rate: 0.0
Population size: 15
Maximum number of function evaluations: 300

IGD: 0.360058812780126
GD: 0.006623199973090038
HV: 0.8767216521641924
Time cost: 1076.2501225471497

non_dom_solutions:
[0.2535366021724626, 0.05651122220111887, 0.0031842069511173188]
[0.2535366021724626, 0.00011537119107027372, 0.0031842069511173188]
[0.2535366021724626, 0.05663690223504364, 0.0031842069511173188]
[0.2535366021724626, 0.01069601332259315, 0.0031842069511173188]
[0.2535366021724626, 0.005448174698234956, 0.0031842069511173188]
[0.6337289798457045, 2.4600396419733467e-05, 4.202697684438538e-05]
[0.7226357308802899, 4.2127226331806905e-05, 0.00042778125747823526]
[0.7314977484701767, 0.0004431023703782566, 0.00043044369318194535]
[0.7177297847091042, 4.2105430958986593e-05, 1.9178890761920833e-05]
[0.7330102111047633, 0.0002127776330159148, 0.00042778125747823526]
[0.7428043748417545, 4.305237717596236e-05, 0.000159344977300524]
[0.6983825592723368, 0.00045127449281931464, 0.0005885819899372828]
[0.7136353527520513, 0.00010775252564546034, 0.0010715335249764472]
[0.710459107840811, 9.955063825856786e-06, 0.0011898609643661256]
[0.700233042324512, 4.2105430958986593e-05, 0.00013848845755481953]
[0.7506794229535778, 0.2646195336275099, 0.0006042878804084733]
[0.7428240112542766, 0.1925735655719668, 0.00028133470862784027]
[0.736434145943594, 0.12985524124516767, 0.0006453177939833737]
[0.2318041474529255, 0.00011537119107027372, 0.003068366926620352]
[0.7337210552660938, 0.26491263984337315, 0.0001494475604219385]
[0.7359540996775742, 0.26805817156530387, 2.3152941339577276e-05]
[0.7759517022413807, 0.264937824881305, 5.759941296598181e-05]
[0.7574566732478611, 0.2646172736648884, 0.00014973952094066156]
[0.7573187006009563, 0.2646172736648884, 0.0001406077411683082]
[0.1270377025097182, 2.857590086555173e-05, 0.0030682637175839258]
[0.7437172700964266, 0.2631661356377185, 0.00014973952094066156]
[0.738840222901128, 0.2646172736648884, 5.7130158628107384e-05]
[0.7557249486048593, 0.25521657134107273, 0.00016381419898826334]
[0.8236554231582706, 0.05887536771543192, 0.0008238390497220527]
[0.8274664447260113, 0.06006694966503634, 0.00014111334499063003]
[0.8799781540480914, 0.04712341882475565, 0.0005897301404542097]
[0.8799781540480914, 0.0537355141688378, 0.0005897301404542097]
[0.8522322326649081, 0.004023435232088417, 0.000140816444704428]
[0.8276878340979481, 0.0083442324078382, 0.00029087179930217626]
[0.7833306831989499, 0.061926771370521244, 0.000140816444704428]
[0.8547069153442252, 0.14484973147495597, 8.910329852984678e-05]
[0.8547069153442252, 0.14905866922127353, 9.14116689748719e-05]
[0.8547069153442252, 0.15143711400497678, 8.259594023290128e-05]
[0.8590730506418596, 0.14905866922127353, 6.911358895533452e-06]
[0.8622021295123561, 0.14449559215225033, 8.661307395393172e-05]
[0.8545997310666588, 0.16294695032085135, 8.661307395393172e-05]
[0.8494547147843482, 0.16294695032085135, 8.661307395393172e-05]
[0.8494547147843482, 0.16294695032085135, 8.661307395393172e-05]
[0.8495898640376467, 0.16294695032085135, 8.661307395393172e-05]
[0.8546006624853949, 0.15749142965462368, 6.31382861836021e-05]
[0.7757514286831824, 0.054684280699973796, 8.661307395393172e-05]
[0.8495898640376467, 0.16294695032085135, 8.661307395393172e-05]
[0.8495898640376467, 0.16294695032085135, 8.661307395393172e-05]
[0.8495898640376467, 0.16294695032085135, 8.661307395393172e-05]
[0.8495898640376467, 0.16294695032085135, 8.661307395393172e-05]
[0.8496034024694605, 0.16294695032085135, 8.661307395393172e-05]
[0.8496034024694605, 0.16294695032085135, 8.661307395393172e-05]
[0.8497507201676696, 0.16294695032085135, 5.7781625017980806e-05]
[0.7622895719169049, 0.12626192124119193, 8.661307395393172e-05]
[0.8546006624853949, 0.16409393759876698, 6.31382861836021e-05]
[0.8590500819228113, 0.1834632091621421, 4.166319789526701e-06]
[0.8587084024651701, 0.18312475076776089, 2.189932499738304e-06]
[0.000172146288286934, 2.857590086555173e-05, 4.193410355045197e-06]
[1.0814798932687357e-09, 1.3715042216224331e-09, 2.4149391138211665e-09]
[0.8363899637134413, 0.15148190351059795, 1.6787813895442297e-09]
[0.8357527329529447, 0.0882019382814086, 8.653461449629117e-05]
[0.8363899637134413, 0.1027044163985007, 1.6787813895442297e-09]
[0.8363899637134413, 0.12043141762478335, 2.9225994052361596e-09]
[0.8433414378914643, 0.18995367287139386, 2.783143078241858e-10]
[0.8468318703688238, 0.1891879787949715, 6.744408866029811e-08]
[0.8468318703688238, 0.17350103278361736, 5.2184847723553213e-08]
[0.8473663617955816, 0.18272305296910119, 4.166319789526701e-06]
[0.8470936633827342, 0.18913526243579562, 8.745113176396683e-05]
[0.8468318703688238, 0.1890006972980882, 8.665285245450284e-05]
[0.845335193944399, 0.12858695586892907, 4.166319789526701e-06]
[0.8468318703688238, 0.18951676930655292, 1.590758003041793e-08]
[0.8132976548005201, 0.1834780808315445, 2.0168029844054786e-06]
[0.847211448476464, 0.17602977583519477, 1.590758003041793e-08]
[0.8162943597926953, 0.18104412283902138, 0.0010061305097301234]
[0.8475165648458092, 0.18775807922193716, 2.485338860585543e-09]
[0.847693575717315, 0.18781117220556956, 2.485338860585543e-09]
[0.8480365152106267, 0.1834632091621421, 2.0168029844054786e-06]
[0.8481030670855698, 0.18779993526196115, 3.9087533649750886e-08]
[0.8481030670855698, 0.18136387649994323, 2.9587162574085894e-07]
[0.8142808596918237, 0.1868421413798205, 2.189932499738304e-06]
[0.8136078041658314, 0.1834632091621421, 2.0168029844054786e-06]
[0.81392911575165, 0.1834632091621421, 2.0168029844054786e-06]
[0.8485695400091829, 0.1835501559543994, 3.9087533649750886e-08]
[0.8482842034858387, 0.1834632091621421, 4.850424399908328e-08]
[0.8122243715875577, 0.1834632091621421, 2.0168029844054786e-06]
[0.8485468142155571, 0.18767137039619428, 2.0168029844054786e-06]
[0.8485468142155571, 0.18856232254236463, 2.0168029844054786e-06]
[0.8485468142155571, 0.18942856087140172, 2.0183613989021045e-06]
[0.8485468142155571, 0.18942856087140172, 2.0183613989021045e-06]
[0.8485468142155571, 0.18962567571713482, 5.359457010083508e-07]
[0.8487101879276138, 0.18962567571713482, 6.9077580214267244e-09]
[0.8488465679451414, 0.1896375679017754, 2.4116201773802794e-07]
[0.8488465679451414, 0.18983549238435232, 2.4116201773802794e-07]
[0.8490753654356321, 0.14018126514754017, 0.00014743526623002708]
[0.8493709795765526, 0.18201286845983494, 1.9955416173532655e-06]
[0.8488465679451414, 0.1899022752418844, 1.9181782272524154e-07]
[0.8488465679451414, 0.1899022752418844, 1.9181782272524154e-07]
[0.8488465679451414, 0.1899022752418844, 1.9181782272524154e-07]
[0.8488235199287801, 0.1900853825601544, 1.9935733332289445e-06]
[0.8537944989800461, 0.18557998976742154, 0.00014736939046473168]
[0.8537944989800461, 0.1834529782898681, 0.00014736939046473168]
[0.8538621625792685, 0.1932895728789248, 0.00010725331384794766]
[0.8587084024651701, 0.16261707435501968, 4.898172594195714e-08]
[0.8592994664604762, 0.18104412283902138, 1.4790272375672793e-08]
[0.859271351350169, 0.18104412283902138, 2.688516147112293e-06]
[0.8592955499888469, 0.1810254327709411, 2.0168029844054786e-06]
[0.8592955499888469, 0.1834632091621421, 8.681354135266434e-09]
[0.8591898127231545, 0.18312475076776089, 3.617589516364736e-07]
[0.8590500819228113, 0.1834632091621421, 4.166319789526701e-06]
[0.8591883614548407, 0.1834612322688283, 3.617589516364736e-07]
[0.8591898261520069, 0.18345874895525063, 1.1111088555625678e-07]
[0.8591911703870773, 0.18345874895525063, 3.717861082988853e-09]
[0.20442932025458027, 0.1379706260087491, 2.158704443485567e-09]
[8.614392366101953e-09, 2.2600102757149996e-10, 1.90112501144478e-09]
[0.014746018721015497, 2.9706748731284633e-09, 7.924182184043541e-10]
[4.710265233409672e-09, 0.022661561946753228, 4.3242546691949276e-10]
[6.923252027224436e-09, 0.031295484766770666, 2.4149391138211665e-09]
[8.614392366101953e-09, 1.616145377231471e-10, 2.4149391138211665e-09]
[8.614392366101953e-09, 0.010798574013085612, 5.692103217941205e-10]
[2.213976585396793e-08, 0.017614302146621602, 2.4149391138211665e-09]
[4.1833881081476676e-08, 0.07853497581951205, 2.4149391138211665e-09]
[0.009657684646285691, 0.00531068577296058, 1.1557196566390575e-08]
[1.0611199141585814e-09, 0.022969393769678492, 1.0710074238234076e-08]
[8.614392366101953e-09, 0.015505093310653202, 7.851509154535115e-10]
[8.614392366101953e-09, 0.02237088110251286, 3.710439854348625e-09]
[0.01161507280564994, 1.288792559371551e-08, 2.4149391138211665e-09]
[0.0243964872856125, 2.2858042798792888e-05, 2.5399395608822496e-07]
[8.614392366101953e-09, 0.004382747829376282, 2.3817727552727245e-09]
[8.614392366101953e-09, 0.00840924090635482, 7.924182184043541e-10]
[0.005054222290723609, 0.0073340268057308505, 1.1801380436783472e-07]
[8.614392366101953e-09, 7.310411066082151e-10, 2.4109135383075e-11]
[0.6436206136033845, 0.005326681825212343, 8.653461449629117e-05]
[8.614392366101953e-09, 0.013384943087910375, 7.924182184043541e-10]
[0.7524454247852241, 0.024094519790549274, 6.989629748604823e-10]
[8.614392366101953e-09, 0.01623009970253577, 7.924182184043541e-10]
[0.036797214489515784, 7.310411066082151e-10, 2.4109135383075e-11]
[0.04611661718806315, 4.964599565151549e-09, 8.44107323825544e-10]
[0.0017961623751724387, 4.964599565151549e-09, 7.924182184043541e-10]
[0.022491723958379672, 4.964134175344413e-09, 7.929829839187426e-10]
[0.015995314648997117, 4.964599565151549e-09, 7.584822240779115e-10]
[0.8483473145162808, 9.326352107062784e-10, 7.924182184043541e-10]
[8.614392366101953e-09, 0.005347177898950284, 2.8105398147186467e-09]
[0.8481618378210223, 4.887341449016671e-09, 4.273511307334313e-10]
[0.847942179426598, 0.0007973435042004512, 2.0168029844054786e-06]
[0.848100071754295, 0.000539414080783604, 2.0168029844054786e-06]
[0.848100071754295, 0.0005474524580163028, 3.461288270681595e-08]
[0.8481396482680317, 0.0005474524580163028, 3.3605162247664136e-08]
[0.8483997009871673, 1.8650122880521777e-06, 3.335312973985641e-08]
[0.8483997009871673, 1.9081677743136063e-06, 5.1740394564474865e-09]
[0.7593635769164464, 0.18345873249658287, 5.27644919899149e-08]
[0.7825148468645211, 0.19471594516721719, 5.1740394564474865e-09]
[0.7152709853742102, 0.1834632091621421, 2.0168029844054786e-06]
[0.7122791227164588, 0.18413350309731244, 3.6457024439456073e-09]
[0.7674418973176025, 0.2206976153516612, 8.653461449629117e-05]
[0.8070840584797793, 0.18436180823808657, 8.383871783000326e-05]
[0.8070840584797793, 0.19263831220499245, 7.731703104274049e-05]
[0.807279820576894, 0.19263831220499245, 2.867673438959324e-05]
[0.817603892622791, 0.1834632091621421, 8.681354135266434e-09]
[0.8161078755446878, 0.1876446435936512, 3.358479414903464e-06]
[0.7168178364173434, 0.18383109678714415, 8.653461449629117e-05]
[0.7072121182286649, 0.11256654026647606, 2.0168029844054786e-06]
[0.7193034500533209, 0.18401942771920785, 8.639506403542524e-10]
[0.7254911648766714, 0.16228521495397225, 9.674777169493555e-05]
[0.7108431272969954, 0.10467016787481381, 8.639506403542524e-10]
[0.7193034500533209, 0.1834567298332814, 8.639506403542524e-10]
[0.7092674451516825, 0.1093795990380276, 3.0865760657714787e-10]
[0.7298126690709021, 0.1536513444600507, 6.450648798783747e-10]
[0.7300060221417968, 0.15824654843446737, 6.406540059443221e-10]
[0.7288008890470437, 0.15888775648729653, 1.056088327119163e-08]
[0.7300060221417968, 0.05247246319447761, 6.406540059443221e-10]
[0.7245076232966897, 0.18268671363953046, 2.311148255982919e-10]
[0.8021730150763762, 0.18345874895525063, 0.0001515853050145904]
[0.7393060539278771, 0.14694366060517638, 1.8638671549370591e-10]
[0.7740905770954588, 0.24762754633749773, 1.8638671549370591e-10]
[0.7735254897271167, 0.24762754633749773, 4.2016951789672914e-10]
[0.7737434179887638, 0.24762754633749773, 1.8638671549370591e-10]
[0.7751429000242177, 0.24686727378105844, 1.8638671549370591e-10]
[0.7751429000242177, 0.2468072405425387, 1.874764818197001e-10]
[0.7750384719133369, 0.2468072405425387, 2.047954367045465e-06]
[0.7158971777342888, 0.18188800358424562, 1.1698885837169365e-08]
[0.7555023670800731, 0.08698037426558136, 1.0768395339705013e-05]
[0.7004941106375961, 0.07463070215405464, 1.1738342499832622e-08]
[0.7158971777342888, 0.1848151514494087, 1.1705149311151894e-08]
[0.7162463630624543, 0.1848151514494087, 1.1705149311151894e-08]
[0.7158707598369023, 0.1848151514494087, 4.608683708097071e-05]
[0.7162463630624543, 0.1849789287657993, 1.9366123658398426e-06]
[0.7257226694930212, 0.15275249361758353, 1.9366123658398426e-06]
[0.720076427521204, 0.1849789287657993, 1.9366123658398426e-06]
[0.720076427521204, 0.18346226423717502, 1.7114825240997925e-08]
[0.6874255488859332, 0.11567001340729144, 2.0168029844054786e-06]
[0.7034709302461332, 0.11155395157267303, 3.717861082988853e-09]

non_dom_solutions_y:
[0.2535366  0.05651122 5.57402715]
[2.53536602e-01 1.15371191e-04 5.65911813e+00]
[0.2535366  0.0566369  5.57377987]
[0.2535366  0.01069601 5.6474612 ]
[2.53536602e-01 5.44817470e-03 5.65350582e+00]
[6.33728980e-01 2.46003964e-05 5.56096537e+00]
[7.22635731e-01 4.21272263e-05 4.92511814e+00]
[7.31497748e-01 4.43102370e-04 4.86001755e+00]
[7.17729785e-01 4.21054310e-05 4.95051230e+00]
[7.33010211e-01 2.12777633e-04 4.84928203e+00]
[7.42804375e-01 4.30523772e-05 4.77301336e+00]
[6.98382559e-01 4.51274493e-04 5.11139366e+00]
[7.13635353e-01 1.07752526e-04 5.00950026e+00]
[7.10459108e-01 9.95506383e-06 5.03668118e+00]
[7.00233042e-01 4.21054310e-05 5.08561794e+00]
[0.75067942 0.26461953 4.30717752]
[0.74282401 0.19257357 4.39677882]
[0.73643415 0.12985524 4.57892662]
[2.31804147e-01 1.15371191e-04 5.66144863e+00]
[0.73372106 0.26491264 4.41273148]
[0.7359541  0.26805817 4.3947538 ]
[0.7759517  0.26493782 4.13625001]
[0.75745667 0.26461727 4.25043471]
[0.7573187  0.26461727 4.25107651]
[1.27037703e-01 2.85759009e-05 5.83749735e+00]
[0.74371727 0.26316614 4.34169121]
[0.73884022 0.26461727 4.37373738]
[0.75572495 0.25521657 4.25968349]
[0.82365542 0.05887537 4.28846299]
[0.82746644 0.06006695 4.25785739]
[0.87997815 0.04712342 4.27226844]
[0.87997815 0.05373551 4.2598383 ]
[8.52232233e-01 4.02343523e-03 4.30864487e+00]
[0.82768783 0.00834423 4.34464944]
[0.78333068 0.06192677 4.42647473]
[0.85470692 0.14484973 4.02362664]
[0.85470692 0.14905867 4.01426761]
[0.85470692 0.15143711 4.00878217]
[0.85907305 0.14905867 4.01112568]
[0.86220213 0.14449559 4.02380364]
[0.85459973 0.16294695 3.98445368]
[0.84945471 0.16294695 3.98742171]
[0.84945471 0.16294695 3.98742171]
[0.84958986 0.16294695 3.98731744]
[0.85460066 0.15749143 3.99521891]
[0.77575143 0.05468428 4.48065973]
[0.84958986 0.16294695 3.98731744]
[0.84958986 0.16294695 3.98731744]
[0.84958986 0.16294695 3.98731744]
[0.84958986 0.16294695 3.98731744]
[0.8496034  0.16294695 3.98730707]
[0.8496034  0.16294695 3.98730707]
[0.84975072 0.16294695 3.98641674]
[0.76228957 0.12626192 4.39886807]
[0.85460066 0.16409394 3.98147365]
[0.85905008 0.18346321 3.94248928]
[0.8587084  0.18312475 3.94303144]
[1.72146288e-04 2.85759009e-05 5.99991221e+00]
[1.08147989e-09 1.37150422e-09 6.00000006e+00]
[0.83638996 0.1514819  4.02615198]
[0.83575273 0.08820194 4.17768296]
[0.83638996 0.10270442 4.14026158]
[0.83638996 0.12043142 4.09795857]
[0.84334144 0.18995367 3.94171525]
[0.84683187 0.18918798 3.93905174]
[0.84683187 0.17350103 3.9665392 ]
[0.84736636 0.18272305 3.94942223]
[0.84709366 0.18913526 3.94124185]
[0.84683187 0.1890007  3.94168992]
[0.84533519 0.12858696 4.0658632 ]
[0.84683187 0.18951677 3.93852476]
[0.81329765 0.18347808 4.02325825]
[0.84721145 0.17602978 3.96143971]
[0.81629436 0.18104412 4.04465111]
[0.84751656 0.18775808 3.94070887]
[0.84769358 0.18781117 3.94045952]
[0.84803652 0.18346321 3.94747833]
[0.84810307 0.18779994 3.94011149]
[0.84810307 0.18136388 3.95101486]
[0.81428086 0.18684214 4.01427325]
[0.8136078  0.18346321 4.02222596]
[0.81392912 0.18346321 4.02113695]
[0.84856954 0.18355016 3.9468144 ]
[0.8482842  0.18346321 3.94720801]
[0.81222437 0.18346321 4.02699428]
[0.84854681 0.18767137 3.93999116]
[0.84854681 0.18856232 3.93854458]
[0.84854681 0.18942856 3.93715358]
[0.84854681 0.18942856 3.93715358]
[0.84854681 0.18962568 3.93679916]
[0.84871019 0.18962568 3.93664754]
[0.84884657 0.18963757 3.93652185]
[0.84884657 0.18983549 3.93620701]
[0.84907537 0.14018127 4.03914007]
[0.84937098 0.18201287 3.94887085]
[0.84884657 0.18990228 3.93609963]
[0.84884657 0.18990228 3.93609963]
[0.84884657 0.18990228 3.93609963]
[0.84882352 0.19008538 3.93587698]
[0.8537945  0.18557999 3.94399687]
[0.8537945  0.18345298 3.94760143]
[0.85386216 0.19328957 3.93057721]
[0.8587084  0.16261707 3.98190881]
[0.85929947 0.18104412 3.9465765 ]
[0.85927135 0.18104412 3.94664894]
[0.85929555 0.18102543 3.94666349]
[0.85929555 0.18346321 3.94237262]
[0.85918981 0.18312475 3.94296499]
[0.85905008 0.18346321 3.94248928]
[0.85918836 0.18346123 3.94238688]
[0.85918983 0.18345875 3.94238435]
[0.85919117 0.18345875 3.94238143]
[0.20442932 0.13797063 5.33302668]
[8.61439237e-09 2.26001028e-10 6.00000004e+00]
[1.47460187e-02 2.97067487e-09 5.98321122e+00]
[4.71026523e-09 2.26615619e-02 5.97253510e+00]
[6.92325203e-09 3.12954848e-02 5.95960714e+00]
[8.61439237e-09 1.61614538e-10 6.00000006e+00]
[8.61439237e-09 1.07985740e-02 5.98810431e+00]
[2.21397659e-08 1.76143021e-02 5.97947499e+00]
[4.18338811e-08 7.85349758e-02 5.86849973e+00]
[9.65768465e-03 5.31068577e-03 5.98388840e+00]
[1.06111991e-09 2.29693938e-02 5.97209719e+00]
[8.61439237e-09 1.55050933e-02 5.98223718e+00]
[8.61439237e-09 2.23708811e-02 5.97294739e+00]
[1.16150728e-02 1.28879256e-08 5.98711602e+00]
[2.43964873e-02 2.28580428e-05 5.97002728e+00]
[8.61439237e-09 4.38274783e-03 5.99543632e+00]
[8.61439237e-09 8.40924091e-03 5.99092499e+00]
[5.05422229e-03 7.33402681e-03 5.98686773e+00]
[8.61439237e-09 7.31041107e-10 5.99999999e+00]
[6.43620614e-01 5.32668183e-03 5.49182214e+00]
[8.61439237e-09 1.33849431e-02 5.98493103e+00]
[0.75244542 0.02409452 4.67385591]
[8.61439237e-09 1.62300997e-02 5.98129694e+00]
[3.67972145e-02 7.31041107e-10 5.95069558e+00]
[4.61166172e-02 4.96459957e-09 5.93446448e+00]
[1.79616238e-03 4.96459957e-09 5.99817345e+00]
[2.24917240e-02 4.96413418e-09 5.97277613e+00]
[1.59953146e-02 4.96459957e-09 5.98160249e+00]
[8.48347315e-01 9.32635211e-10 4.31178455e+00]
[8.61439237e-09 5.34717790e-03 5.99438353e+00]
[8.48161838e-01 4.88734145e-09 4.31194582e+00]
[8.47942179e-01 7.97343504e-04 4.31139137e+00]
[8.48100072e-01 5.39414081e-04 4.31151241e+00]
[8.48100072e-01 5.47452458e-04 4.31145077e+00]
[8.48139648e-01 5.47452458e-04 4.31141592e+00]
[8.48399701e-01 1.86501229e-06 4.31173850e+00]
[8.48399701e-01 1.90816777e-06 4.31173769e+00]
[0.75936358 0.18345873 4.29382725]
[0.78251485 0.19471595 4.14035309]
[0.71527099 0.18346321 4.60383585]
[0.71227912 0.1841335  4.62508798]
[0.7674419  0.22069762 4.19734858]
[0.80708406 0.18436181 4.04650233]
[0.80708406 0.19263831 4.03295761]
[0.80727982 0.19263831 4.03089536]
[0.81760389 0.18346321 4.00912784]
[0.81610788 0.18764464 4.00697243]
[0.71681784 0.1838311  4.59391845]
[0.70721212 0.11256654 4.81830847]
[0.71930345 0.18401943 4.57273161]
[0.72549116 0.16228521 4.57076143]
[0.71084313 0.10467017 4.80969682]
[0.71930345 0.18345673 4.57369364]
[0.70926745 0.1093796  4.81034928]
[0.72981267 0.15365134 4.55488999]
[0.73000602 0.15824655 4.54364041]
[0.72880089 0.15888776 4.55104205]
[0.73000602 0.05247246 4.78225811]
[0.72450762 0.18268671 4.53651386]
[0.80217302 0.18345875 4.06946676]
[0.73930605 0.14694366 4.5018223 ]
[0.77409058 0.24762755 4.14278184]
[0.77352549 0.24762755 4.14601804]
[0.77374342 0.24762755 4.14476816]
[0.7751429  0.24686727 4.13688833]
[0.7751429  0.24680724 4.13689629]
[0.77503847 0.24680724 4.13754312]
[0.71589718 0.181888   4.60181954]
[0.75550237 0.08698037 4.53303209]
[0.70049411 0.0746307  4.95703987]
[0.71589718 0.18481515 4.59679376]
[0.71624636 0.18481515 4.59418209]
[0.71587076 0.18481515 4.59823543]
[0.71624636 0.18497893 4.59395772]
[0.72572267 0.15275249 4.58674147]
[0.72007643 0.18497893 4.56541225]
[0.72007643 0.18346226 4.56793934]
[0.68742555 0.11567001 4.96075701]
[0.70347093 0.11155395 4.84898429]
