1.667567129383107
1.667567129383107
1.667567129383107
1.667567129383107
1.667567129383107
1.667567129383107
1.667567129383107
1.667567129383107
1.667567129383107
1.667567129383107
1.667567129383107
1.667567129383107
1.667567129383107
1.667567129383107
1.667567129383107
1.667567129383107
1.667567129383107
1.667567129383107
1.667567129383107
1.667567129383107
1.667567129383107
1.667567129383107
1.667567129383107
1.667567129383107
1.667567129383107
1.667567129383107
1.667567129383107
1.667567129383107
1.667567129383107
1.667567129383107
1.667567129383107
1.667567129383107
1.667567129383107
1.667567129383107
1.667567129383107
1.667567129383107
1.667567129383107
1.667567129383107
1.667567129383107
1.667567129383107
1.667567129383107
1.667567129383107
1.667567129383107
1.667567129383107
1.667567129383107
1.667567129383107
1.667567129383107
1.667567129383107
1.667567129383107
1.667567129383107
1.667567129383107
1.667567129383107
1.667567129383107
1.667567129383107
1.2555350134208811
1.2555350134208811
1.2555350134208811
1.2555350134208811
1.2555350134208811
1.2312375051633224
1.2312375051633224
1.2312375051633224
1.2312375051633224
1.2312375051633224
1.0513079364041695
1.0513079364041695
1.0513079364041695
1.0513079364041695
1.0513079364041695
1.0513079364041695
1.0513079364041695
1.0513079364041695
1.0513079364041695
0.9456826866428565
0.9456826866428565
0.9456826866428565
0.9456826866428565
0.86724127560309
0.86724127560309
0.86724127560309
0.86724127560309
0.86724127560309
0.86724127560309
0.86724127560309
0.86724127560309
0.86724127560309
0.86724127560309
0.86724127560309
0.86724127560309
0.86724127560309
0.86724127560309
0.8534428671922702
0.8534428671922702
0.8534428671922702
0.8534428671922702
0.8528608593483022
0.8528608593483022
0.8528608593483022
0.8528608593483022
0.8528608593483022
0.8528608593483022
0.8528608593483022
0.8528608593483022
0.8528608593483022
0.8528608593483022
0.8528608593483022
0.8528588111251998
0.8528588111251998
0.8312491296785418
0.8312491296785418
0.8312491296785418
0.8312491296785418
0.8195738783565966
0.7533256930859917
0.7236191613615428
0.7236191613615428
0.6684918031854736
0.7467333012507587
0.7405602125017221
0.7380813524654458
0.7313613396201857
0.7302524544317187
0.7298631338466488
0.8830776598318668
0.8833886198479771
0.8833886154443955
0.8834273903240265
0.8834267697445122
0.8834267649588846
0.8834267643800214
0.8834267640977009
0.8834556963801107
0.8834552986598655
0.8834552984611985
0.8834552983990049
0.8834552983851689
0.8834552983766158
0.8834552983766158
0.8834552983741815
0.8834552983733047
0.8834552983733047
0.8834552983732794
0.8834552983731294
0.8834552983731294
0.8834552983731294
0.8834552983731294
0.8834552983731294
0.8834552983731294
0.8710690810731373
0.8710690810731373
0.8710690810731373
0.8710690810731373
0.8710690810731373
0.8710690810731373
0.8710690810731373
0.8710690810731373
0.8710690810731373
0.8710690810731373
0.8710690810731373
0.8710690810731373
0.8710690810731373
0.8710690810731373
0.8710690810731373
0.8710690810731058
0.8710690810731058
0.8710690810722842
0.8710690810722842
0.8710690810722842
0.8710690810722842
0.8710690810722842
0.8710690810722842
0.8710690810722842
0.8710690810722842
0.8710690810722842
0.8710690810722842
0.8710690810722842
0.8710690810722842
0.8710690810722842
0.8710690810722842
0.8710690810722842
0.8710690810717111
0.8710690810717111
0.8673038702730533
0.8673038702730533
0.8673038702730533
0.8673038702730533
0.8673038702730533
0.8673038702730533
0.8673038702730533
0.8673038702730533
0.8673038702730533
0.871064989734702
0.871064989734702
0.871064989734702
0.871064989734702
0.8710649897340488
0.8710649897340422
0.8710649897340415
0.8705872713760398
0.8705872713760398
0.8705872713756119
0.8705872713756119
0.8696510871507378
0.8486403124177698
0.8486403124177698
0.8486403124177698
0.8486403124177698
0.8486403124177698
0.8486403124177698
0.8486403124177698
0.8486403124177698
0.8486403124177698
0.8486403124177698
0.8486403124177698
0.8486403124177698
0.8486403124177698
0.8391242398507203
0.8391242398507203
0.8391242398507203
0.8391242398507203
0.8260386876113568
0.8260386876113568
0.8260386876113568
0.8260386876113568
0.8260386876113568
0.8260386876113568
0.8260386876113568
0.8260386876113568
0.8260386876113568
0.6794072131685256
0.6794072131685256
0.6794072131685256
0.6794072131685256
0.6794072131685256
0.6794072131685256
0.6794072131685256
0.6794072131685256
0.6794072131685256
0.6794072131685256
0.6794072131685256
0.6794072131685256
0.6794072131685256
0.6794072131685256
0.6794072131685256
0.6794066093292255
0.6794066093292255
0.6794066093292255
0.6794066093292255
0.6794066093292255
0.6794066093292255
0.6794066093292255
0.6794066093292255
0.6794066093292255
0.6794066093292255
0.6794066093292255
0.6794066093292255
0.6794066093292255
0.6794066093292255
0.6794066093292255
0.6794066093292255
0.6794065914172025
0.6794065914172025
0.6794065914172025
0.6794065914172025
0.6794065914172025
0.6794065914172025
0.6794065914172025
0.6794065914172025
0.6793933879637868
0.6793933879637868
0.6793933879637868
0.6793933879637868
0.6793933879637868
0.6793933879637868
0.6793933879637868
0.6793933879637868
0.6793933879637868
0.6793933879637868
0.6793860833074347
0.6793858919756286
0.677783751218836
0.677783751218836
0.677783751218836
0.677783751218836
0.677783751218836
0.677783751218836
0.677783751218836
0.677783751218836
0.6777792545450954
0.6777792545450954
0.6777792545450954
0.6777238108513955
0.6777238108513955
0.6777238108513955
0.6777238108513955
0.6777238108513955
0.6777238108513955
0.6777238108513955
0.6777238108513955
0.6777219424829526
