ID: 20231203190338_24148

Problem: dtlz7
Number of objects: 3
Number of variables: 5

Algorithm choice: 2
Algorithm phase strategy: global + local
First phase rate: 0.25
Population size: 15
Maximum number of function evaluations: 300

IGD: 0.6777219424829526
GD: 0.02243319684836619
HV: 0.47468964595022556
Time cost: 1555.798134803772

non_dom_solutions:
[2.3379238961089957e-06, 9.958232275487142e-08, 1.2821854161423284e-08, 1.9421239506507325e-08, 5.418781515685589e-08]
[1.9349126560237222e-07, 3.270800355568117e-08, 1.2690249752257145e-08, 5.295261211667022e-09, 1.4037780597932594e-10]
[0.015866917235707326, 3.270800355568117e-08, 5.339513796535489e-09, 5.289786964330972e-09, 4.57556173652347e-09]
[2.7381751098288435e-07, 4.184654617196526e-08, 5.468276288556908e-09, 4.898036130602901e-09, 6.140297076488954e-09]
[4.0540212166697056e-10, 4.025945833930998e-08, 3.4513974160696046e-10, 0.08572025327237617, 8.865224805111842e-11]
[1.4570782483996805e-09, 0.001047104743629256, 4.868243521103081e-09, 5.094900725457323e-09, 5.996243796704477e-09]
[2.4228588692016696e-09, 1.2381490100167017e-08, 5.468276288556908e-09, 1.2304957392410158e-09, 4.098413064172282e-10]
[4.004895711050836e-09, 1.2381490100167017e-08, 5.471544538735181e-09, 1.1916115760570465e-09, 4.3585851102159175e-10]
[3.2848355394857e-08, 0.005169338656743459, 2.7729425989457245e-10, 5.16865776705444e-09, 4.0977264530541046e-10]
[4.077844182340958e-09, 1.2868884183622559e-09, 4.889578304521196e-09, 1.2294156923489842e-09, 4.39544801509561e-10]
[4.004895711050836e-09, 1.2088155369388671e-08, 5.471544538735181e-09, 1.1807619437318439e-09, 4.3603826038033907e-10]
[3.313457372942372e-08, 0.008043685672831098, 5.463305296523974e-09, 5.167926037658557e-09, 3.9436387740857796e-10]
[0.043603825581708534, 1.2381490100167017e-08, 5.471519152565408e-09, 1.1912456923405156e-09, 1.6246664631915926e-10]
[3.202247773925194e-08, 2.4758123092961732e-09, 5.3139009747888646e-09, 2.1719572918482848e-09, 3.695300328247792e-10]
[4.830833514073046e-09, 1.2381490100167017e-08, 5.475042255555785e-09, 1.1916115760570465e-09, 3.940342974185892e-10]
[4.055940391903471e-09, 2.4758123092961732e-09, 5.3139009747888646e-09, 2.1719572918482848e-09, 0.021704743569308474]
[0.05550140346786441, 3.915759643457915e-08, 5.453522727824169e-09, 5.16865776705444e-09, 3.9311214537031914e-10]
[3.214524603824427e-08, 0.047603750964360966, 4.864227061538697e-09, 5.11502672058372e-09, 3.6999685779987864e-10]
[0.12446296243850041, 0.13588324126417786, 5.31318010397711e-09, 5.16865776705444e-09, 3.6998003209988807e-10]
[1.7383105599756195e-08, 3.933684986673325e-08, 5.474769455239847e-09, 5.16865776705444e-09, 1.1330403573754959e-10]
[3.2056236371242955e-08, 3.934470204177444e-08, 5.460141231796811e-09, 7.16015734194996e-10, 1.0139009375031268e-10]
[0.004406398937612854, 4.8389643721128985e-08, 4.864227061538697e-09, 2.5790705420596034e-09, 3.6998079984054687e-10]
[1.9596877577202883e-08, 0.006344249944399862, 5.471569366184514e-09, 7.344636925952362e-10, 1.0536267852675473e-10]
[3.2155404674309055e-08, 4.8374202314811175e-08, 2.7252548701976137e-10, 5.169542413076588e-09, 3.6998003209988807e-10]
[3.991761482336116e-09, 4.963245230928595e-08, 5.468273786698751e-09, 5.111954074017661e-09, 3.6973699821108754e-10]
[3.209553227012656e-08, 4.83764889144023e-08, 1.6385891627099622e-10, 5.1686681168188185e-09, 3.7010731449417095e-10]
[3.312731678545403e-08, 0.005029708830380621, 5.4704194159002585e-09, 7.344636925952362e-10, 1.0536267852675473e-10]
[2.9639413451950193e-08, 4.8376779116608415e-08, 1.3161078101929211e-09, 5.168658187302252e-09, 3.69740096403937e-10]
[4.081499000481815e-09, 4.8389643721128985e-08, 3.6747681613470837e-09, 5.169542413076588e-09, 3.6973699821108754e-10]
[3.209457666936974e-08, 4.83764889144023e-08, 1.6385891627099622e-10, 5.1686681168188185e-09, 3.7010731449417095e-10]
[5.778950501152594e-09, 4.837435349018199e-08, 2.362861253741825e-10, 4.272926964523126e-09, 3.6998003209988807e-10]
[3.3130848822844094e-08, 0.01889195686491123, 5.4633908333248854e-09, 6.851126360748974e-10, 1.0139009375031268e-10]
[3.2094711453021153e-08, 3.11317759234864e-08, 1.3094635274456294e-09, 5.1686681168188185e-09, 3.7010731449417095e-10]
[6.26706262765587e-09, 4.628853598263981e-08, 1.3203241623579476e-09, 5.168658187302252e-09, 3.697335734467338e-10]
[3.21658108229794e-08, 0.0027276536418129214, 1.3161506562550015e-09, 5.168646103619466e-09, 3.7010731449417095e-10]
[3.216563488039179e-08, 0.04029385200552109, 1.3094635274456294e-09, 5.169559726118063e-09, 3.7010687558873894e-10]
[3.216755712274275e-08, 0.011828736408349349, 1.3055214987253758e-09, 5.1686681168188185e-09, 3.7010731449417095e-10]
[0.1072297991757735, 4.8216789083686633e-08, 5.501349380538986e-09, 7.159320594900538e-10, 6.101366718816447e-11]
[3.312663034921146e-08, 4.83764889144023e-08, 1.6385891627099622e-10, 5.1686681168188185e-09, 3.7010731449417095e-10]
[0.03950452305216949, 4.83764889144023e-08, 1.6385891627099622e-10, 5.1686681168188185e-09, 3.7010731449417095e-10]
[1.890550128198218e-08, 4.83764889144023e-08, 1.7174082584962318e-10, 5.168624137205637e-09, 3.699759999654704e-10]
[0.09217680902213586, 4.776049089214433e-08, 1.305607671190869e-09, 5.175240531226729e-09, 4.277541762667391e-11]
[8.350118210815128e-10, 4.8273938027127e-09, 1.3161078101929211e-09, 5.169542413076588e-09, 3.6973699821108754e-10]
[3.216567866078096e-08, 1.5433286859244418e-08, 1.3094635274456294e-09, 5.036252177124991e-10, 3.699731145197458e-10]
[0.0183989900489973, 4.83764889144023e-08, 1.309379110901847e-09, 5.1686681168188185e-09, 3.697668905103442e-10]

non_dom_solutions_y:
[2.33792390e-06 9.95823228e-08 5.99999834e+00]
[1.93491266e-07 3.27080036e-08 5.99999994e+00]
[1.58669172e-02 3.27080036e-08 5.98176925e+00]
[2.73817511e-07 4.18465462e-08 5.99999983e+00]
[4.05402122e-10 4.02594583e-08 6.77148224e+00]
[1.45707825e-09 1.04710474e-03 5.99894270e+00]
[2.42285887e-09 1.23814901e-08 6.00000005e+00]
[4.00489571e-09 1.23814901e-08 6.00000005e+00]
[3.28483554e-08 5.16933866e-03 5.99457893e+00]
[4.07784418e-09 1.28688842e-09 6.00000005e+00]
[4.00489571e-09 1.20881554e-08 6.00000005e+00]
[3.31345737e-08 8.04368567e-03 5.99134717e+00]
[4.36038256e-02 1.23814901e-08 5.93897709e+00]
[3.20224777e-08 2.47581231e-09 6.00000004e+00]
[4.83083351e-09 1.23814901e-08 6.00000005e+00]
[4.05594039e-09 2.47581231e-09 6.19534275e+00]
[5.55014035e-02 3.91575964e-08 5.91677249e+00]
[3.2145246e-08 4.7603751e-02 5.9317480e+00]
[0.12446296 0.13588324 5.49470331]
[1.73831056e-08 3.93368499e-08 6.00000004e+00]
[3.20562364e-08 3.93447020e-08 5.99999999e+00]
[4.40639894e-03 4.83896437e-08 5.99541068e+00]
[1.95968776e-08 6.34424994e-03 5.99327667e+00]
[3.21554047e-08 4.83742023e-08 5.99999997e+00]
[3.99176148e-09 4.96324523e-08 6.00000004e+00]
[3.20955323e-08 4.83764889e-08 5.99999997e+00]
[3.31273168e-08 5.02970883e-03 5.99473198e+00]
[2.96394135e-08 4.83767791e-08 5.99999998e+00]
[4.08149900e-09 4.83896437e-08 6.00000003e+00]
[3.20945767e-08 4.83764889e-08 5.99999997e+00]
[5.77895050e-09 4.83743535e-08 5.99999999e+00]
[3.31308488e-08 1.88919569e-02 5.97776205e+00]
[3.20947115e-08 3.11317759e-08 6.00000000e+00]
[6.26706263e-09 4.62885360e-08 6.00000001e+00]
[3.21658108e-08 2.72765364e-03 5.99720226e+00]
[3.21656349e-08 4.02938520e-02 5.94476932e+00]
[3.21675571e-08 1.18287364e-02 5.98685532e+00]
[1.07229799e-01 4.82167891e-08 5.80192943e+00]
[3.31266303e-08 4.83764889e-08 5.99999997e+00]
[3.95045231e-02 4.83764889e-08 5.94612458e+00]
[1.89055013e-08 4.83764889e-08 5.99999998e+00]
[9.21768090e-02 4.77604909e-08 5.83744439e+00]
[8.35011821e-10 4.82739380e-09 6.00000006e+00]
[3.21656787e-08 1.54332869e-08 5.99999997e+00]
[1.83989900e-02 4.83764889e-08 5.97842649e+00]
