1.4115988514548519
1.4115988514548519
1.4115988514548519
1.4115988514548519
1.4115988514548519
1.4115988514548519
1.4115988514548519
1.4115988514548519
1.4115988514548519
1.4115988514548519
1.4115988514548519
1.4115988514548519
1.4115988514548519
1.4115988514548519
1.4115988514548519
1.4115988514548519
1.4115988514548519
1.4115988514548519
1.4115988514548519
1.4115988514548519
1.4115988514548519
1.4115988514548519
1.4115988514548519
1.4115988514548519
1.4115988514548519
1.4115988514548519
1.4115988514548519
1.4115988514548519
1.4115988514548519
1.4115988514548519
1.4115988514548519
1.4115988514548519
1.4115988514548519
1.4115988514548519
1.4115988514548519
1.4115988514548519
1.4115988514548519
1.4115988514548519
1.4115988514548519
1.4115988514548519
1.4115988514548519
1.4115988514548519
1.4115988514548519
1.4115988514548519
1.4115988514548519
1.4115988514548519
1.4115988514548519
1.4115988514548519
1.4115988514548519
1.4115988514548519
1.4115988514548519
1.4115988514548519
1.4115988514548519
1.4115988514548519
1.4115988514548519
1.4115988514548519
1.4115988514548519
1.4115988514548519
1.4115988514548519
1.4115988514548519
1.4115925893698449
1.4115925893698449
1.4115925893698449
1.4115925893698449
1.4115925893698449
1.4115925893698449
1.4115925893698449
1.4115925893698449
1.4115925893698449
1.4115925893698449
1.4095666805597817
1.4095666805597817
1.4095666805597817
1.4095666805597817
1.4095666805597817
1.4095666805597817
1.293272664704943
1.293272664704943
1.293272664704943
1.2503619876630578
1.2503619876630578
1.2503619876630578
1.2503619876630578
1.2503619876630578
1.2503619876630578
1.2503619876630578
1.2503619876630578
1.232079276951981
1.232079276951981
1.232079276951981
1.232079276951981
1.232079276951981
1.232079276951981
1.1233925682381916
1.1233925682381916
1.1233925682381916
1.1233925682381916
1.120364005158961
1.1300290942238957
1.1300290942238957
1.1300290942238957
1.1297459303728856
1.1297459303728856
1.1297459303728856
1.12693458509631
1.12693458509631
1.12693458509631
1.12693458509631
1.12693458509631
1.12693458509631
1.12693458509631
1.0516940543497142
1.036865169815728
1.0360332152151912
1.0360332152151912
1.0360332152151912
1.0360332152151912
1.0360332152151912
1.0360332152151912
1.0360332152151912
0.8800407836554238
0.8768538033778621
0.8507194145787067
0.8507194145787067
0.7250723161489505
0.7250723161489505
0.7250723161489505
0.7250723161489505
0.7250723161489505
0.7250723161489505
0.7250723161489505
0.7250723161489505
0.7250723161489505
0.7250723161489505
0.7250723161489505
0.7250723161489505
0.7250723161489505
0.7250723161489505
0.7250723161489505
0.7250723161489505
0.7175113018133267
0.7175113018133267
0.7175113018133267
0.7175113018133267
0.7175113018133267
0.7175113018133267
0.7175113018133267
0.6936416398798033
0.6936416398798033
0.6936416398798033
0.6936416398798033
0.6936416398798033
0.677798274060968
0.677798274060968
0.677798274060968
0.6954371875164269
0.6947787876094529
0.6947787876094529
0.6947787876094529
0.6947787876094529
0.6947787876094529
0.6947787876094529
0.6737948388467357
0.6717097669738394
0.6563583351974754
0.6563583351974754
0.6527074529438002
0.6527074529438002
0.6519966119506841
0.6559420540595106
0.6559368972433819
0.6559368972433819
0.6555364301086648
0.6645562828012819
0.670458988179668
0.6029081138959325
0.6029081138959325
0.6029081138959325
0.6029081138959325
0.6029081138959325
0.6029081138959325
0.6029081138959325
0.6029081138959325
0.6029081138959325
0.6029081138959325
0.6029081138959325
0.6029081138959325
0.6029081138959325
0.6029081138959325
0.6029081138959325
0.6029081138959325
0.6028720566527955
0.6026627035825761
0.5977134625012732
0.5977134625012732
0.5977134625012732
0.5977134625012732
0.5977134625012732
0.5977134625012732
0.5977134625012732
0.595885055271215
0.595885055271215
0.595885055271215
0.595885055271215
0.5956743208505565
0.5956743208505565
0.5956743208505565
0.5939438104363202
0.5939438104363202
0.5939438104363202
0.5939438104363202
0.5939438104363202
0.5939438104363202
0.5939422831165541
0.5939422831165541
0.5939362494742598
0.5939362494742598
0.5939045247510168
0.5938337248759915
0.5938337248759915
0.5932633738744799
0.5932633738744799
0.5932253388626467
0.5878711797623832
0.5878711797623832
0.5878711797623832
0.5876926919393094
0.5876926919393094
0.5870269795196982
0.5870269795196982
0.5870269795196982
0.5859775221045118
0.5859775221045118
0.5857097034518699
0.5856764013487552
0.5856603239313958
0.5856543606961777
0.5853772427398336
0.5853772427398336
0.5854030255791653
0.5854030255791653
0.5854030255791653
0.5853253795559535
0.5853126326167931
0.585306958174732
0.5853069106553146
0.5853069106553146
0.5853069106553146
0.5852710730884962
0.585271040276746
