7.1635861187079595
7.1635861187079595
7.1635861187079595
7.1635861187079595
7.1635861187079595
7.1635861187079595
7.1635861187079595
7.1635861187079595
7.1635861187079595
7.1635861187079595
7.1635861187079595
7.1635861187079595
7.1635861187079595
7.1635861187079595
7.1635861187079595
7.1635861187079595
7.1635861187079595
7.1635861187079595
7.1635861187079595
7.1635861187079595
7.1635861187079595
7.1635861187079595
7.1635861187079595
7.1635861187079595
7.1635861187079595
7.1635861187079595
7.1635861187079595
7.1635861187079595
7.1635861187079595
7.1635861187079595
7.1635861187079595
7.1635861187079595
7.1635861187079595
7.1635861187079595
7.1635861187079595
7.1635861187079595
7.1635861187079595
7.1635861187079595
7.1635861187079595
7.1635861187079595
7.1635861187079595
7.1635861187079595
3.9626475337888354
3.9626475337888354
3.9626475337888354
3.9626475337888354
3.9626475337888354
3.9626475337888354
3.9626475337888354
3.9626475337888354
3.9626475337888354
3.9626475337888354
3.9626475337888354
3.9618184999712396
3.9618184999712396
3.9618184999712396
3.9618184999712396
3.9618184999712396
3.9618184999712396
3.9618184999712396
3.9615737868743217
3.9615737868743217
3.9615737868743217
3.9615737868743217
1.5134189799309694
1.5134189799309694
1.5134189799309694
1.5134189799309694
1.5134189799309694
1.5134189799309694
1.5129192159652163
1.5129192159652163
1.5129192159652163
1.5129192159652163
1.5129192159652163
1.5129192159652163
1.5129192159652163
1.5129192159652163
1.5129192159652163
1.5129192159652163
1.5129192159652163
1.5129192159652163
1.5128979182218898
1.5128979182218898
1.5128979182218898
1.5121964076827314
1.5121964076827314
1.5121964076827314
1.5118827480727461
1.5118827480727461
1.5118827480727461
1.5118827480727461
1.5118827480727461
1.5118827480727461
1.3851947936717566
1.339875912283164
1.339875912283164
1.339875912283164
1.339875912283164
1.3370389866036174
1.3370389866036174
1.336631443617634
1.336631443617634
1.336631443617634
1.336631443617634
1.3364907476273717
1.3364907476273717
1.335898898357312
1.335898898357312
1.335898898357312
1.335898898357312
1.335898898357312
1.335898898357312
1.335898898357312
1.335898898357312
1.335898898357312
1.335898898357312
1.335898898357312
1.335898898357312
1.335898898357312
1.335898898357312
1.335838843686692
1.3358380787876916
1.3358380787876916
1.3358380787876916
1.3358380787876916
1.3358380787876916
1.3358380787876916
1.3358380787876916
1.3358380787876916
1.3358380787876916
1.3358380787876916
1.3358380787876916
1.3358380787876916
1.3358380787876916
1.3358380787876916
1.3358380787876916
1.3358380787876916
1.3358380787876916
1.3358380787876916
1.3358380787876916
1.3358380787876916
1.3358380787876916
1.3358380787876916
1.3358380787876916
1.3358380787876916
1.3358380787876916
1.3358380787876916
1.3358380787876916
1.3358380787876916
1.3358380787876916
1.3358380787876916
1.3358380787876916
1.3358380787876916
1.3358380787876916
1.3358380787876916
1.3358380787876916
1.3358380787876916
1.3358380787876916
1.3358380787876916
1.3358380787876916
1.3358380787876916
1.3358380787876916
1.3358380787876916
1.3358380787876916
1.3332478514307868
1.3332478514307868
1.3332478514307868
1.3332478514307868
1.3332478514307868
1.3332478514307868
1.3332478514307868
1.3332478514307868
1.3332478514307868
1.3332478514307868
1.3332478514307868
1.3332478514307868
1.3332478514307868
1.3332478514307868
1.3332478514307868
1.3332478514307868
1.3332478514307868
1.3332478514307868
1.3332478514307868
1.3332478514307868
1.3332478514307868
1.3332478514307868
1.3332478514307868
1.3332478514307868
1.3332478514307868
1.3332478514307868
1.3332478514307868
1.3332478514307868
1.3332478514307868
1.3332478514307868
1.3332478514307868
1.3332478514307868
1.3332478514307868
1.3332478514307868
1.3332478514307868
1.3332478514307868
1.3332478514307868
1.3332478514307868
1.3332478514307868
1.3332478514307868
1.3332478514307868
1.3332478514307868
1.3332478514307868
1.3332478514307868
1.3332478514307868
1.3332478514307868
1.3332478514307868
1.3332478514307868
1.3332478514307868
1.3332478514307868
1.3332478514307868
1.3332478514307868
1.3332478514307868
1.3332478514307868
1.3332478514307868
1.3332478514307868
1.3332478514307868
1.3332478514307868
1.3332478514307868
1.3332478514307868
1.3332478514307868
1.3332478514307868
1.3332478514307868
1.3332478514307868
1.3332478514307868
1.3332478514307868
1.3332478514307868
1.3332478514307868
1.3332478514307868
1.3332478514307868
1.33324072516776
1.33324072516776
1.33324072516776
1.33324072516776
1.33324072516776
1.33324072516776
1.33324072516776
1.33324072516776
1.33324072516776
1.33324072516776
1.33324072516776
1.33324072516776
1.33324072516776
1.33324072516776
1.33324072516776
1.33324072516776
1.33324072516776
1.33324072516776
1.33324072516776
1.33324072516776
1.33324072516776
1.33324072516776
1.33324072516776
1.33324072516776
1.33324072516776
1.33324072516776
1.33324072516776
1.33324072516776
1.33324072516776
1.33324072516776
1.33324072516776
1.33324072516776
1.33324072516776
1.33324072516776
1.33324072516776
1.33324072516776
1.33324072516776
1.33324072516776
1.33324072516776
1.33324072516776
1.33324072516776
1.33324072516776
1.33324072516776
1.33324072516776
1.33324072516776
1.33324072516776
1.33324072516776
1.33324072516776
1.33324072516776
1.33324072516776
1.33324072516776
1.33324072516776
1.33324072516776
1.33324072516776
1.33324072516776
1.33324072516776
1.33324072516776
1.33324072516776
1.33324072516776
1.33324072516776
1.33324072516776
1.33324072516776
1.33324072516776
1.33324072516776
1.33324072516776
