ID: 20231204182659_14591

Problem: dtlz3
Number of objects: 2
Number of variables: 2

Algorithm choice: 2
Algorithm phase strategy: global + local
First phase rate: 0.5
Population size: 11
Maximum number of function evaluations: 300

IGD: 1.33324072516776
GD: 8.774365749490212
HV: 0.0
Time cost: 1150.044062614441

non_dom_solutions:
[0.9841917188748288, 0.9998728203936202]
[0.0003627958141371179, 0.00026289202866245504]
[6.090899165812208e-05, 2.024656872311821e-05]
[1.4329902741312683e-05, 4.0461309690849236e-07]
[6.315481436217074e-07, 2.942658160838465e-08]
[1.3257449534009869e-08, 2.942658160838465e-08]
[4.143160543812474e-09, 2.942658160838465e-08]
[1.929178546078436e-09, 7.582615972070127e-09]
[0.9999495456111325, 0.9999875828600457]
[0.9600236008598222, 0.9999909704606411]
[6.497371043967526e-10, 2.710367145455049e-09]
[0.9999990112177972, 0.9999875828600457]
[0.18791343368713673, 0.5999135209137983]
[0.184260186183484, 0.5999135209137983]
[0.9664049145908546, 0.9999875828600457]
[0.18296981857885342, 0.5999135209137983]
[0.1828377238185387, 0.5999920368930337]
[0.18368028694857652, 0.5999920368930337]
[0.18177108580616197, 0.5999920368930337]
[0.9746368198625769, 0.9999961910988333]
[0.17712751691660478, 0.5999275474477584]
[0.18121620055598364, 0.5999275474477584]
[0.17712751691660478, 0.5999275474477584]
[0.180776379092213, 0.5999275474477584]
[0.9718505296668525, 0.9995347016212687]
[0.1801425059681354, 0.5999275474477584]
[0.17712751691660478, 0.5999275474477584]
[0.18028518045865316, 0.5999275474477584]
[0.999999917234708, 0.9999954910745594]
[0.17712751691660478, 0.5999275474477584]
[0.17833532685435804, 0.5999275474477584]
[0.17712751691660478, 0.5999275474477584]
[0.1791969260692456, 0.5999275474477584]
[0.14335184924381167, 0.5998583195326761]
[0.17253058435863958, 0.5998583195326761]
[0.17358513851366777, 0.5998583195326761]
[0.17665065787479767, 0.5998583195326761]
[0.17476882280003686, 0.5998583195326761]
[0.16945185643286342, 0.5998583195326761]
[0.16953169857818357, 0.5998583195326761]
[0.1700317489723709, 0.5998583195326761]
[0.1725737041740633, 0.5998583195326761]
[0.995346128685974, 0.9999940656961727]
[0.16924628212342008, 0.5998583195326761]
[0.1722465988553013, 0.5998583195326761]
[0.17463662582140355, 0.5998583195326761]
[0.17468070047502254, 0.5998583195326761]
[0.1725831149691839, 0.5998583195326761]
[0.17615925260762172, 0.5998583195326761]
[0.17233493979662778, 0.5998583195326761]
[0.9952093667933537, 0.9999875828600457]
[0.17519642982528166, 0.5998583195326761]
[0.17424237837461987, 0.5998583195326761]
[0.1765415929864405, 0.5998583195326761]
[0.17472109348722548, 0.5998583195326761]
[0.1725206908315055, 0.5998583195326761]
[0.1725761659568161, 0.5998583195326761]
[0.17285894055632395, 0.5998583195326761]
[0.1741040867937122, 0.5998583195326761]
[0.17029152304586298, 0.5999138746266958]
[0.17408691045998026, 0.5998583195326761]
[0.16834149763716016, 0.5998600416212946]
[0.1718614878546771, 0.5998600416212946]
[0.1731564298276116, 0.5998600416212946]
[0.17011365456797403, 0.5998600416212946]
[0.9944328595099774, 0.9999875828600457]
[0.9941373385347124, 0.9997081073788173]
[0.17346333069300368, 0.5998600416212946]
[0.9999999574567948, 0.9999993000303623]
[0.9999999499397509, 0.9999988403092586]
[0.9999999885574429, 0.9999998936239727]

non_dom_solutions_y:
[ 0.64531853 25.98246383]
[2.59873554e+01 1.48096323e-02]
[2.59980562e+01 2.48738016e-03]
[2.59999596e+01 5.85242413e-04]
[2.59999971e+01 2.57928682e-05]
[2.59999971e+01 5.41443518e-07]
[2.59999971e+01 1.69209576e-07]
[2.59999992e+01 7.87890086e-08]
[2.06049679e-03 2.59987887e+01]
[ 1.63153588 25.94787034]
[2.59999997e+01 2.65357208e-08]
[4.03806804e-05 2.59987887e+01]
[1.91326155 0.58173866]
[1.91656834 0.57074987]
[ 1.37134635 25.96259665]
[1.91772125 0.566864  ]
[1.91794037 0.56649607]
[1.91718894 0.56903395]
[1.91888683 0.56328182]
[ 1.03556108 25.97899067]
[1.92268899 0.54919745]
[1.91912215 0.56153449]
[1.92268899 0.54919745]
[1.91950964 0.56020849]
[ 1.14910274 25.97081554]
[1.92006648 0.55829699]
[1.92268899 0.54919745]
[1.91994131 0.55872729]
[3.38013474e-06 2.59995531e+01]
[1.92268899 0.54919745]
[1.92164358 0.55284423]
[1.92268899 0.54919745]
[1.9208936  0.55544447]
[1.95061155 0.44680939]
[1.92809122 0.5357129 ]
[1.92720117 0.53890602]
[1.92458384 0.5481798 ]
[1.92619584 0.54248839]
[1.9306594  0.52638231]
[1.93059337 0.52662445]
[1.93017912 0.52814072]
[1.92805493 0.53584349]
[ 0.1900614  25.99871882]
[1.93082927 0.52575885]
[1.92833    0.53485275]
[1.92630845 0.54208839]
[1.92627091 0.54222175]
[1.92804701 0.53587199]
[1.9250064  0.54669406]
[1.92825576 0.53512034]
[ 0.19564187 25.99805262]
[1.92583102 0.54378206]
[1.92664378 0.54089536]
[1.92467772 0.54785008]
[1.9262365  0.54234397]
[1.92809954 0.53568293]
[1.92805286 0.53585095]
[1.92781465 0.5367073 ]
[1.92676123 0.54047683]
[1.92862453 0.52856134]
[1.92677582 0.54042484]
[1.93151534 0.52299813]
[1.92859407 0.53366979]
[1.92750455 0.53759162]
[1.93005199 0.52837285]
[ 0.22735245 25.99779465]
[ 0.23931799 25.9865349 ]
[1.92724517 0.53852076]
[1.73748980e-06 2.59999301e+01]
[2.04448674e-06 2.59998843e+01]
[4.67321907e-07 2.59999894e+01]
