16.318639892976705
16.318639892976705
16.318639892976705
16.318639892976705
16.318639892976705
16.318639892976705
16.318639892976705
16.318639892976705
16.318639892976705
16.318639892976705
16.318639892976705
16.318639892976705
16.318639892976705
16.318639892976705
16.318639892976705
16.318639892976705
16.318639892976705
16.318639892976705
16.318639892976705
16.318639892976705
16.318639892976705
16.318639892976705
16.318639892976705
16.318639892976705
16.318639892976705
16.318639892976705
16.318639892976705
16.318639892976705
16.318639892976705
16.318639892976705
16.318639892976705
16.318639892976705
16.318639892976705
16.318639892976705
16.318639892976705
16.318639892976705
16.318639892976705
16.318639892976705
16.318639892976705
16.318639892976705
16.318639892976705
16.318639892976705
16.318639892976705
16.318639892976705
16.318639892976705
16.318639892976705
16.318639892976705
16.318639892976705
16.318639892976705
16.318639892976705
16.318639892976705
16.318639892976705
16.318639892976705
16.318639892976705
16.318639892976705
13.78148122701829
6.04269440053322
6.04269440053322
6.04269440053322
3.6635798683844056
3.6635798683844056
2.167013986617925
2.167013986617925
2.13589491522427
2.13589491522427
2.13589491522427
2.13589491522427
2.13589491522427
2.13589491522427
0.7139262655400609
0.6862710199270721
0.6862710199270721
0.6862710199270721
0.6862710199270721
0.6862710199270721
0.6862710199270721
0.6825374911486609
0.6825374911486609
0.6825374911486609
0.6825374911486609
0.6825374911486609
0.6825374911486609
0.6774690575450205
0.6774690575450205
0.6737513138837893
0.6720239948582045
0.6720239948582045
0.6720239948582045
0.6720239948582045
0.6662882153253996
0.5328171713224643
0.5314348657151954
0.5314348657151954
0.5314348657151954
0.5307205622055635
0.5307205622055635
0.5307205622055635
0.5307205622055635
0.5305604920739088
0.5305604920739088
0.5305604920739088
0.5305604920739088
0.5305604920739088
0.5305604920739088
0.5305604920739088
0.5305604920739088
0.5305604920739088
0.5305604920739088
0.5305604920739088
0.5305604920739088
0.5305604920739088
0.5305604920739088
0.517632015636613
0.517632015636613
0.517632015636613
0.517632015636613
0.517632015636613
0.517632015636613
0.517632015636613
0.500574792757055
0.5005414389448051
0.5005309893113965
0.5005280925219487
0.5005280925219487
0.5005044768625079
0.5005044768625079
0.5005044768625079
0.495969395623311
0.495969395623311
0.495969395623311
0.4951621811944225
0.4951621811944225
0.4951621811944225
0.4951621811944225
0.4948607661858708
0.4948607661858708
0.4948607661858708
0.4947351224559867
0.4947351224559867
0.493791649248982
0.492480149100498
0.492480149100498
0.4919888486984772
0.4919888486984772
0.490800987456761
0.49062356755726216
0.49062356755726216
0.49062356755726216
0.49062356755726216
0.4901440657360084
0.4900069937428307
0.48969508440407084
0.4896321213072511
0.4896321213072511
0.4896321213072511
0.4896321213072511
0.48861944173137756
0.48861944173137756
0.48861944173137756
0.4877676274925012
0.4889180986348688
0.48886928370053284
0.48868084702203224
0.4883489797737579
0.4883489797737579
0.4883489797737579
0.4883489797737579
0.4883489797737579
0.4872900729174717
0.4859952330872456
0.4859952330872456
0.4859952330872456
0.4859952330872456
0.4859952330872456
0.4859952330872456
0.4859952330872456
0.4859952330872456
0.40662126057891895
0.40040650686774226
0.40040650686774226
0.40040650686774226
0.40040650686774226
0.40040650686774226
0.40040650686774226
0.3856156808390383
0.3856156808390383
0.3856156808390383
0.3856156808390383
0.3739086430498146
0.3739086430498146
0.371797320107867
0.37179642682378533
0.3674139389468358
0.3664268310970527
0.3643731919103139
0.3637781870690851
0.3636235820441486
0.36361585436450355
0.36255655135863674
0.3611730577505485
0.3611730577505485
0.36112372713219726
0.36112372713219726
0.35047799322464035
0.3083456788769411
0.3083456788769411
0.3083456788769411
0.3083456788769411
0.3083456788769411
0.30833940603852217
0.30833940603852217
0.3077541128159747
0.3077541128159747
0.3077541128159747
0.3077541128159747
0.3077541128159747
0.3077541128159747
0.3070056500809245
0.3070056500809245
0.3070056500809245
0.30494223115924685
0.30494223115924685
0.30494223115924685
0.30494223115924685
0.26796110585729194
0.26796110585729194
0.26796110585729194
0.26796110585729194
0.26795666870605384
0.26795666870605384
0.26795666870605384
0.26795666870605384
0.24944230951105997
0.24943118531955508
0.24943118531955508
0.24943118531955508
0.24908559241769654
0.24908559241769654
0.2482774655092541
0.2482774655092541
0.24828126860615243
0.24828126860615243
0.2452223900447428
0.2452223900447428
0.24295193978988094
0.24295193978988094
0.24266806699614468
0.24266806699614468
0.24266806699614468
0.24266806699614468
