0.6805990000282992
0.6805990000282992
0.6805990000282992
0.6805990000282992
0.6805990000282992
0.6805990000282992
0.6805990000282992
0.6805990000282992
0.6805990000282992
0.6805990000282992
0.6805990000282992
0.6805990000282992
0.6805990000282992
0.6805990000282992
0.6805990000282992
0.6805990000282992
0.6805990000282992
0.6805990000282992
0.6805990000282992
0.6805990000282992
0.6805990000282992
0.6805939078415768
0.6802848349473457
0.6802848349473457
0.2969086949542804
0.2969086949542804
0.18026250777300862
0.1802571141579959
0.18016702025342138
0.1658380434521349
0.16542486406700885
0.16542486406700885
0.14041892325253266
0.14030611051360967
0.1403016089379325
0.1403016089379325
0.1403016089379325
0.1403016089379325
0.14030074258925965
0.14030074258925965
0.14030074258925965
0.14029872159924348
0.14029872159924348
0.1354339598338479
0.1353588466786506
0.1353588466786506
0.13152707723175971
0.07804221138598132
0.07804221138598132
0.07804221138598132
0.07798593064393118
0.07798593064393118
0.07798593064393118
0.07798593064393118
0.07798593064393118
0.07798593064393118
0.07854007153802711
0.0784998858413997
0.0784998858413997
0.0761889863074671
0.07596674824487018
0.07604561922786962
0.07604561922786962
0.07603763848639349
0.07603763848639349
0.07525740002509346
0.07525740002509346
0.07523635370122782
0.07523635370122782
0.07523635370122782
0.07523635370122782
0.07493819423885308
0.07493819423885308
0.07493819423885308
0.06316667354779539
0.06316667354779539
0.06316667354779539
0.06316060990121505
0.06177017737707907
0.06177017737707907
0.06174401569023165
0.061717378268593324
0.06162882375273857
0.04437904282658441
0.04416192218197476
0.04416192218197476
0.04349261185243713
0.04349261185243713
0.04349251295810618
0.04345668450941296
0.04284926632616796
0.03458356329776325
0.033030327679618283
0.033007656803819584
0.030751422968932643
0.030401509615201282
0.030401509615201282
0.029948400544413563
0.029948400544413563
0.029463994221671976
0.02916612191356605
0.024925043180572315
0.024457610482085182
0.024457610482085182
0.024457610482085182
0.01991104362604358
0.01991104362604358
0.019132503899365296
0.019131307781556868
0.01911841904179233
0.01911841904179233
0.01902623833533931
0.01904401505779763
0.017594224644641793
0.01737148454942611
0.017243980501922163
0.017209838624118554
0.017130063877225987
0.017130063877225987
0.0167043022995182
0.0167043022995182
0.01664499955269523
0.016027087801604386
0.015983413174965745
0.015983413174965745
0.015983102282472905
0.015825321614532144
0.01582315052001724
0.01582315052001724
0.015699180986395472
0.015620201213848852
0.015223865717266038
0.015223865717266038
0.01502322215578995
0.014843724986786948
0.014843724986786948
0.014843724986786948
0.014807626901451865
0.014807626901451865
0.014807626901451865
0.01467560019724826
0.015309391908747649
0.015309391908747649
0.0122480268492132
0.0122480268492132
0.012104837920119804
0.012024018630786372
0.01137013840298235
0.011233282798212483
0.010981548204327018
0.010964462523844315
0.010816192637790717
0.010816192637790717
0.010816192637790717
0.010816192637790717
0.010814964197712173
0.010814964197712173
0.010814964197712173
0.010814964197712173
0.010612025343058117
0.010612025343058117
0.010612025343058117
0.010612018301052746
0.010612018301052746
0.010612018301052746
0.010612018301052746
0.010612018301052746
0.010612018301052746
0.010612018301052746
0.010612018301052746
0.010612018301052746
0.010612018301052746
0.010612018301052746
0.010612018301052746
0.010612018301052746
0.010612018301052746
0.010612018301052746
0.010612018287815016
0.010612018287815024
0.010612018287815024
0.010612018287815024
0.010612018287815024
0.010612018287815024
0.010612018287815024
0.010612018287815024
0.010612018287815024
0.010612018287815024
0.010612018287815024
0.010612018287815024
0.010612018287815024
0.010612018287815024
0.0106120181888075
0.0106120181888075
0.0106120181888075
0.0106120181888075
0.0106120181888075
0.0106120181888075
0.0106120181888075
0.01061201818268627
0.010612018182382268
0.010612018182382268
0.010612018182382268
0.010612018182382268
0.010612018182158425
0.010612018182158425
0.010612018182158425
0.010612018182158425
0.010612018182158425
0.010612018182158425
0.010612018182158425
0.010612018182158425
0.010612018182158425
0.010612018182158425
0.010612018182158425
0.010612018182158425
0.010612018182158425
0.010612018182158425
0.010612018182158425
0.010612018182158425
0.010612018182158425
0.010612018182158425
0.010612018182158425
0.010612018182158425
0.010612018182158425
0.010612018182158425
0.010612018182158425
0.010612018182158425
0.010612018182158425
0.010612018182158425
0.010612018182158425
0.010612018182158425
0.010612018182158425
0.010612018182158425
0.010612018182158425
0.010612018182158425
0.010612018182158425
0.010612018182158425
0.010612018182158425
0.010526604251877085
0.010526604251877085
0.010526604251877085
0.010526604251877085
0.010526604251877085
0.010526604251877085
0.010526604251877085
0.010526604251877085
0.010526604251877085
0.010526604251877085
0.010526604251877085
0.010526604251877085
0.010526604251877085
0.010526604251877085
0.010526604251877085
0.010526604251877085
0.010526604251877085
0.010526604251877085
0.010526604251877085
0.010526604251877085
0.010526604251877085
0.010526604251877085
0.010526604251877085
0.010526604251877085
0.010526604251877085
0.010526604251877085
0.010526604251877085
0.010526604251877085
0.010526604251877085
0.010526604251877085
0.010526604251877085
0.010526604251877085
0.010526604251877085
0.010526604251877085
0.010526604251877085
0.010526604251877085
0.010526604251877085
0.010526604251877085
0.010526604251877063
0.010526604251877063
0.010526604251877063
0.010526604251877063
0.010526604251877063
0.010526604251877063
0.010526604251877063
0.010526604251877063
0.010526604251877063
0.010526604251877063
0.010526604251877063
0.010526604251877063
0.010526604251877063
0.010526604251877063
0.010526604251877063
0.010526604251877063
0.010526604251877063
0.010526604251877063
0.010526604251877063
0.010526604251877063
0.010526604251877063
0.010526604251877063
0.010526604251877063
0.010526604251877063
