ID: 20231204184621_7919

Problem: dtlz4
Number of objects: 2
Number of variables: 2

Algorithm choice: 2
Algorithm phase strategy: global + local
First phase rate: 0.5
Population size: 11
Maximum number of function evaluations: 300

IGD: 0.010526604251877063
GD: 0.0037593243393777395
HV: 0.41387889049399673
Time cost: 1823.8212890625

non_dom_solutions:
[0.9696976479471229, 0.48354423620622605]
[0.9890408432636266, 0.5600443350434777]
[0.9601848925679037, 0.4922368395719814]
[0.9649856948694558, 0.49319827406759587]
[0.9828991712940546, 0.5635223259340284]
[0.9688913788979319, 0.5290043816055465]
[0.9741201173898121, 0.527583861484475]
[0.9833193126444782, 0.5635223259340284]
[0.9908971271520834, 0.5724408612415754]
[0.9754730628195688, 0.5431774014279195]
[0.9863664101681974, 0.527583861484475]
[0.9954509098916728, 0.4998088760947296]
[0.9987465362927986, 0.5268112380331132]
[0.9768401793624458, 0.5177159356967573]
[0.9885849791529268, 0.527285925971948]
[0.9852357565097697, 0.542783343621863]
[0.989579945372333, 0.5428931439818498]
[0.993313979741104, 0.5161585377526361]
[0.9916634043536315, 0.5472580283168098]
[0.9962819154138798, 0.545819476480907]
[0.9946210097421345, 0.527583861484475]
[0.9805722276734625, 0.5281564816211978]
[0.9882269266944538, 0.5161585377526361]
[0.9958826196584153, 0.545819476480907]
[0.9904462378567377, 0.5353695403290657]
[0.9874115138289348, 0.5288287163257106]
[0.9885115704402159, 0.527583861484475]
[0.9977075868525687, 0.5466480870068439]
[0.992855610772337, 0.5502637374946223]
[0.9968142294407215, 0.5027413119372314]
[0.989682653836877, 0.5499441577512216]
[0.9781371862744848, 0.5425921262321637]
[0.9983818652424651, 0.4985986008941993]
[0.9849247036329128, 0.4856013465853527]
[0.9983500493523563, 0.49789911918614793]
[0.9760896038450269, 0.5333598879963694]
[0.9892472997551307, 0.49789911918614793]
[0.9921699915912039, 0.4330593271119144]
[0.9943005734354089, 0.48066653203172627]
[0.993259493681618, 0.4941192485445987]
[0.9986323084205719, 0.49402548126573503]
[0.9902680213974504, 0.4969219961251339]
[0.9899904672515869, 0.4969219961251339]
[0.9775781114942118, 0.5336728372171214]
[0.9948626343970929, 0.4927678957296395]
[0.9840062952999639, 0.4969219961251339]
[0.9952698230358216, 0.49789911918614793]
[0.9983694458659763, 0.49789911918614793]
[0.9928973230444136, 0.4969219961251339]
[0.995295129854813, 0.4992932427220731]
[0.9909923753041251, 0.49855446255126673]
[0.9999142213639617, 0.49983313545220187]
[0.9883814259701875, 0.5318805257843734]
[0.9993725445265961, 0.49817947092461734]
[0.9823914114683734, 0.5318448019232714]
[0.9993588466327843, 0.49789911918614793]
[0.9970507430855209, 0.5027413119372314]
[0.9879371017475853, 0.5339350248617367]
[0.9935302502379634, 0.5027413119372314]
[0.99999998576384, 0.5001025285081097]
[0.9925001104613406, 0.49789911918614793]
[0.999999988268245, 0.49450244125372494]
[0.977115761027076, 0.48213769600769874]
[0.981618878208854, 0.48930913375659]
[0.997125793057734, 0.4930910834256471]
[0.9881833955600915, 0.5478650409990375]
[0.9491920912161702, 0.5007253902734385]
[0.00022223855023673078, 0.49999973731657454]
[3.1175395759031055e-05, 0.49999973731657454]

non_dom_solutions_y:
[0.99765016 0.07235894]
[0.87002581 0.50027865]
[0.99969536 0.02701345]
[0.99905695 0.04447175]
[0.96495864 0.2773829 ]
[0.99862085 0.06663047]
[0.99425102 0.11396154]
[0.96149664 0.2891551 ]
[0.81258003 0.5918079 ]
[0.9932652  0.13098207]
[0.92251655 0.38792465]
[0.54396151 0.83911021]
[0.18423855 0.98361291]
[0.98895785 0.15030029]
[0.87903399 0.47831877]
[0.93938895 0.34815598]
[0.85353113 0.52456424]
[0.69465421 0.71970675]
[0.77927018 0.63024568]
[0.47029066 0.8848898 ]
[0.60948237 0.79375913]
[0.97648721 0.21922346]
[0.88694695 0.46243634]
[0.50748613 0.86409553]
[0.82553884 0.56655908]
[0.90442398 0.42857921]
[0.8808059 0.4750824]
[0.31727403 0.95062822]
[0.72189601 0.69564748]
[0.41607443 0.90933882]
[0.851057  0.5298085]
[0.9869931  0.17168601]
[0.23269981 0.97255063]
[0.94164455 0.33722429]
[0.2368322  0.97155511]
[0.99136469 0.13936663]
[0.86136519 0.50799491]
[0.75801827 0.65908307]
[0.63203158 0.77542491]
[0.69765138 0.71648567]
[0.19957874 0.97991822]
[0.8305374  0.55697987]
[0.83952158 0.54334379]
[0.98791975 0.16212211]
[0.59103385 0.8067116 ]
[0.95134245 0.30816634]
[0.55893762 0.82921503]
[0.2343153 0.9721652]
[0.71783954 0.69622219]
[0.55686969 0.83060047]
[0.80474574 0.59362317]
[0.01341662 0.99991002]
[0.88408693 0.46949341]
[0.09541602 0.99544081]
[0.96585783 0.26295982]
[0.09742738 0.99524707]
[0.3909971  0.92040008]
[0.89408076 0.45047097]
[0.68165226 0.73168657]
[2.23620924e-06 1.00000001e+00]
[0.73853554 0.6742211 ]
[1.84287439e-06 1.00003022e+00]
[0.98830525 0.154567  ]
[0.97007748 0.24326586]
[0.38286764 0.92385488]
[0.88972382 0.46149637]
[0.99996405 0.00854134]
[1. 0.]
[1. 0.]
