0.5945630020053747
0.5945630020053747
0.5945630020053747
0.5945630020053747
0.5945630020053747
0.5945630020053747
0.5945630020053747
0.5945630020053747
0.5945630020053747
0.5945630020053747
0.5945630020053747
0.5945630020053747
0.5945630020053747
0.5945630020053747
0.5945630020053747
0.5945630020053747
0.5945630020053747
0.5945630020053747
0.5945630020053747
0.5945630020053747
0.5945630020053747
0.5945630020053747
0.5945630020053747
0.5945630020053747
0.5945630020053747
0.5945630020053747
0.5945630020053747
0.5945630020053747
0.5945630020053747
0.5945630020053747
0.5945630020053747
0.5945630020053747
0.5988595393006013
0.5988595393006013
0.5988595393006013
0.5988595393006013
0.5988595393006013
0.5988595393006013
0.5988595393006013
0.5988595393006013
0.5988595393006013
0.5988595393006013
0.5988595393006013
0.5988595393006013
0.5988595393006013
0.5069191005451067
0.5069191005451067
0.5069191005451067
0.5069191005451067
0.5069191005451067
0.5066465601840542
0.4647872054385388
0.4647872054385388
0.4647872054385388
0.4647872054385388
0.4647872054385388
0.4647872054385388
0.4647872054385388
0.4647872054385388
0.4647872054385388
0.4647872054385388
0.4647872054385388
0.5828132992684975
0.5828132992684975
0.5828132992684975
0.5828132992684975
0.553617677389527
0.553617677389527
0.553617677389527
0.553617677389527
0.553617677389527
0.553617677389527
0.5525379490095542
0.5525379490095542
0.5524450180328976
0.5524450180328976
0.5523294233215411
0.5523294233215411
0.4686433059400398
0.46333376035193136
0.4633242332721969
0.4633242332721969
0.4633242332721969
0.4633242332721969
0.4633242332721969
0.4555960361264537
0.4553704555783358
0.4553704555783358
0.3857922265376224
0.37469709084613506
0.37469709084613506
0.37469709084613506
0.37465154943116036
0.37465154943116036
0.37118219367324146
0.3927204391159267
0.3927204391159267
0.3927204391159267
0.3923136970285245
0.3923136970285245
0.3923136970285245
0.3923136970285245
0.3919075686486425
0.39119720917224476
0.3895837548070173
0.38945240882915033
0.38945228390924225
0.3891101861657298
0.38809221957765927
0.38671433667285554
0.38669374077690044
0.38669374077690044
0.38669374077690044
0.386640001119416
0.386640001119416
0.386640001119416
0.38631186956703695
0.3856185473975363
0.3850472294739478
0.3849162512448706
0.3849162512448706
0.3849149649681289
0.3849149649681289
0.3849149649681289
0.3849149496717634
0.38487245852364704
0.384867591541003
0.38485786423501084
0.38495059190969727
0.38494919960961804
0.3849443425506503
0.3849443425506503
0.3849443425506503
0.38494404034448954
0.38494404034448954
0.38494404034448954
0.38494404034448954
0.384930169244414
0.3849301552871996
0.3785109644078186
0.3817799429932106
0.3817799429932106
0.3817799429932106
0.3817799429932106
0.38176336202126954
0.3817534066484597
0.3817519586310823
0.3817519586310823
0.3817519586310823
0.3817519586310823
0.3817513542463909
0.3813209694093302
0.3813209694093302
0.37409375517301835
0.37383219947065427
0.37300848669907194
0.37300830710767324
0.3729703096052845
0.37293640637536424
0.3729363097865004
0.3729363097865004
0.3729363097865004
0.3729363097865004
0.37158714250040586
0.3715836233914055
0.3715836233914055
0.3715836233914055
0.3715836012923038
0.3715836012923038
0.35398582350442037
0.34708817683100845
0.345903890078724
0.34590388833330504
0.34590388833330504
0.31885139474811813
