1.3009112642741822
1.3009112642741822
1.3009112642741822
1.3009112642741822
1.3009112642741822
1.3009112642741822
1.3009112642741822
1.3009112642741822
1.3009112642741822
1.3009112642741822
1.3009112642741822
1.3009112642741822
1.3009112642741822
1.3009112642741822
1.3009112642741822
1.3009112642741822
1.3009112642741822
1.3009112642741822
1.3009112642741822
1.3009112642741822
1.3009112642741822
1.3009112642741822
1.3009112642741822
1.3009112642741822
1.3009112642741822
1.3009112642741822
1.3009112642741822
1.3009112642741822
1.3009112642741822
1.3009112642741822
1.3009112642741822
1.3009112642741822
1.3009112642741822
1.3009112642741822
1.3009112642741822
1.3009112642741822
1.3009112642741822
1.3009112642741822
1.3009112642741822
1.3009112642741822
1.3009112642741822
1.3009112642741822
1.3009112642741822
1.3009112642741822
1.3009112642741822
1.3009112642741822
1.3009112642741822
1.3009112642741822
1.3009112642741822
1.3009112642741822
1.3009112642741822
1.3009112642741822
1.3009112642741822
1.3009112642741822
1.3009112642741822
1.3009112642741822
1.2694719939130183
1.2694719939130183
1.2684267394647397
1.2684267394647397
1.2684267394647397
1.2617981893855765
1.2617981893855765
1.2617981893855765
1.2617981893855765
1.2617981893855765
1.2617981893855765
1.2617981893855765
1.2617981893855765
1.2617981893855765
1.2617981893855765
1.2617981893855765
1.2617981893855765
1.2617981893855765
1.2617981893855765
1.2617981893855765
1.2617981893855765
1.2617981893855765
1.1133919346805616
1.1133919346805616
1.1133919346805616
1.1133919346805616
1.1133919346805616
1.1133919346805616
1.1133919346805616
1.1133919346805616
1.1127186695644966
1.1127186695644966
1.0772922917669607
1.0772922917669607
1.0772922917669607
1.0772922917669607
1.0335531578649026
1.0335531578649026
1.0335531578649026
1.0335531578649026
1.0335531578649026
1.0335531578649026
1.0335531578649026
1.0335531578649026
1.0335531578649026
0.9029388018794018
0.9029388018794018
0.8939280535097389
0.8939280535097389
0.8939280535097389
0.8939280535097389
0.8939280535097389
0.8939280535097389
0.8939280535097389
0.8939280535097389
0.8939280535097389
0.8939280535097389
0.8939280535097389
0.8939280535097389
0.8939280535097389
0.8939280535097389
0.8939280535097389
0.8939280535097389
0.8819201498492842
0.8819201498492842
0.8819201498492842
0.8819201498492842
0.8819201498492842
0.8819201498492842
0.857460461253785
0.857460461253785
0.857460461253785
0.857460461253785
0.857460461253785
0.857460461253785
0.8273318998843874
0.8273318998843874
0.8273318998843874
0.8223535991572841
0.7566560315827779
0.7566560315827779
0.7566560315827779
0.7566560315827779
0.7566560315827779
0.7566560315827779
0.7566560315827779
0.791060594982413
0.791060594982413
0.791060594982413
0.791060594982413
0.791060594982413
0.791060594982413
0.791060594982413
0.791060594982413
0.791060594982413
0.791060594982413
0.791060594982413
0.791060594982413
0.7638289185597897
0.7638289185597897
0.7638289185597897
0.7638289185597897
0.7638289185597897
0.7638289185597897
0.7638289185597897
0.7638289185597897
0.7638289185597897
0.7638289185597897
0.7638289185597897
0.7638289185597897
0.7638289185597897
0.7638289185597897
0.7638289185597897
0.7638289185597897
0.7638289185597897
0.7638289185597897
0.7638289185597897
0.7638289185597897
0.8319134626959684
0.8319134626959684
0.814558231435848
0.814558231435848
0.814558231435848
0.814558231435848
0.814558231435848
0.814558231435848
0.814558231435848
0.814558231435848
0.814558231435848
0.814558231435848
0.814558231435848
0.814558231435848
0.814558231435848
0.814558231435848
0.814558231435848
0.8093729332401426
0.8038651800398552
0.8038651800398552
0.8038651800398552
0.8038651800398552
0.8038651800398552
0.8038651800398552
0.8038651800398552
0.8038651800398552
0.8038651800398552
0.8038651800398552
0.8038651800398552
0.8038651800398552
0.8038651800398552
0.8038651800398552
0.8038651800398552
0.7961583820327649
0.7961583820327649
0.7961583820327649
0.7961583820327649
0.7961583820327649
0.7961583820327649
0.7961583820327649
0.7961583820327649
0.7961583820327649
0.7961583820327649
0.7961583820327649
0.7961583820327649
0.7961583820327649
0.7961583820327649
0.7961583820327649
0.7961583820327649
0.7961583820327649
0.7961583820327649
0.7961583820327649
0.7961583820327649
0.7961583820327649
0.7961321683332364
0.7961321683332364
0.7961321683332364
0.7961321683332364
0.7953466099042384
0.7953466099042384
0.7953466099042384
0.7953466099042384
0.7953466099042384
0.7953466099042384
0.7953466099042384
0.7953466099042384
0.7953466099042384
0.7953466099042384
0.7953466099042384
0.7953466099042384
0.8358946207059962
0.8358946207059962
0.8358946207059962
0.8358946207059962
0.8358946207059962
0.8336123023704595
0.8336123023704595
0.8155080046878408
0.8155080046878408
0.8155080046878408
0.8155080046878408
0.8155080046878408
0.8155080046878408
0.7985208092321925
0.7985208092321925
0.7985208092321925
0.7985208092321925
0.7985208092321925
0.7985208092321925
0.7985208092321925
0.7985208092321925
0.7985208092321925
0.7985208092321925
0.7985191571076411
0.7985191571076411
0.7985191571076411
0.7985191571076411
0.7985191571076411
0.7985191571076411
0.7985110495522009
0.7985110495522009
0.7985070240329311
0.7985070240329311
0.7985066106770231
0.7985066106770231
0.7985066106770231
0.7985066106770231
0.7985066106770231
0.7985066106770231
0.7985066106770231
0.7985066106770231
0.7985066106770231
0.7985066106770231
0.7985066106770231
0.7985066106770231
0.7985066106770231
0.7985066106770231
0.7985066106770231
0.7985066106770231
0.7985066106770231
0.7985066106770231
0.7985066106770231
0.7985066106770231
0.7985064261247063
0.7985064261247063
0.798506420211128
