ID: 20231203203308_6609

Problem: dtlz7
Number of objects: 3
Number of variables: 5

Algorithm choice: 2
Algorithm phase strategy: local + global
First phase rate: 0.0
Population size: 15
Maximum number of function evaluations: 300

IGD: 0.798506420211128
GD: 0.016167251456972176
HV: 0.15444706831433996
Time cost: 609.8967559337616

non_dom_solutions:
[0.0025088320376528347, 0.07183497544013157, 0.0069067315073665266, 0.0005038876203527234, 0.00210592008954292]
[0.0045764542850878585, 0.0728346088433519, 0.007024714286627894, 0.0006527381289853176, 0.0019764348364250638]
[0.026578537505185233, 0.07241532290899635, 0.0069067315073665266, 0.00036030833839709306, 0.00210592008954292]
[0.07475885026675867, 0.029744379029977574, 0.00620960540108564, 0.0015843763758426888, 0.002208868159920799]
[2.2157125217493463e-05, 0.006388076357529252, 0.00026219070330651484, 0.00031692520280500924, 4.8983908513224126e-05]
[0.0025890342175511677, 0.004553918027243212, 0.0006342536430789039, 0.00010470842977004422, 6.144241247195512e-05]
[1.2740237253200826e-05, 0.0018782512139353252, 0.000149852675118127, 0.00012115505561375515, 4.8983908513224126e-05]
[1.8118914024296048e-05, 0.002023331459133081, 0.000149852675118127, 0.00012115505561375515, 4.8983908513224126e-05]
[5.74411489942658e-06, 4.2875400475170114e-05, 3.403130228828849e-05, 0.00010443175112039234, 4.918818915332285e-05]
[2.2157125217493463e-05, 0.007900680422185016, 0.00026064332033678137, 0.00032088774885703677, 4.892514759740048e-05]

non_dom_solutions_y:
[2.50883204e-03 7.18349754e-02 5.96624256e+00]
[4.57645429e-03 7.28346088e-02 5.96311436e+00]
[0.02657854 0.07241532 5.93309957]
[0.07475885 0.02974438 5.92887018]
[2.21571252e-05 6.38807636e-03 5.99885829e+00]
[2.58903422e-03 4.55391803e-03 5.99980213e+00]
[1.27402373e-05 1.87825121e-03 6.00095568e+00]
[1.81189140e-05 2.02333146e-03 6.00079989e+00]
[5.74411490e-06 4.28754005e-05 6.00164022e+00]
[2.21571252e-05 7.90068042e-03 5.99716351e+00]
