0.6716820499448396
0.6716820499448396
0.6716820499448396
0.6716820499448396
0.6716820499448396
0.6716820499448396
0.6716820499448396
0.6716820499448396
0.6716820499448396
0.6716820499448396
0.6716820499448396
0.6716820499448396
0.6716820499448396
0.6716820499448396
0.6716820499448396
0.6716820499448396
0.6716820499448396
0.6716820499448396
0.6716820499448396
0.6716820499448396
0.6716820499448396
0.6716820499448396
0.6716820499448396
0.6716820499448396
0.6716820499448396
0.6716820499448396
0.6716820499448396
0.6716820499448396
0.6716820499448396
0.6716820499448396
0.6716820499448396
0.6716820499448396
0.6716820499448396
0.6716820499448396
0.6716820499448396
0.6716820499448396
0.6716820499448396
0.6716820499448396
0.6716820499448396
0.6716820499448396
0.6716820499448396
0.6716820499448396
0.6716820499448396
0.6716820499448396
0.6333118797759616
0.6333118797759616
0.6333118797759616
0.5942717044101808
0.61331715148099
0.5692192864609296
0.5615054674507775
0.5166823168812591
0.5166823168812591
0.5166823168812591
0.38711732431758766
0.38711732431758766
0.38300005144894655
0.38300005144894655
0.38300005144894655
0.38292766599051764
0.38292766599051764
0.38292766599051764
0.38292766599051764
0.38292766599051764
0.38292766599051764
0.3828845596866514
0.3828845596866514
0.3828845596866514
0.3828845596866514
0.3828845596866514
0.3826159914662003
0.3826159914662003
0.3826159914662003
0.3826159914662003
0.3826159914662003
0.3826159914662003
0.3826159914662003
0.3825965636606438
0.3825965636606438
0.3825965636606438
0.3825965636606438
0.3825965636606438
0.3825965636606438
0.3920858363795176
0.3947897333792799
0.3947897333792799
0.3947897333792799
0.3911901742138988
0.3911901742138988
0.3901844701306092
0.3898400095922706
0.389697769501981
0.389697769501981
0.389697769501981
0.389697769501981
0.389697769501981
0.389697769501981
0.389697769501981
0.389697769501981
0.3896954478844898
0.3896954478844898
0.38567288105672837
0.3838303169388977
0.3599616945803073
0.359944596628555
0.35883658366364884
0.3588335303877916
0.3589735340752381
0.3589735340752381
0.3589735340752381
0.35873002055853653
0.35873002055853653
0.35873002055853653
0.3587283414758107
0.3587283414758107
0.35872828407062185
0.35872828407062185
0.35872828407062185
0.35872828407062185
0.35872828407062185
0.3586655277924696
0.3585709626165785
0.35850063064245236
0.35590309302091444
0.35590309302091444
0.3557203983283458
0.3557203983283458
0.3557203983283458
0.35570096810039253
0.35563362386616976
0.35427563933885114
0.3542641211384128
0.35411804102292016
0.3541141298782278
0.35339612928882075
0.3533822640180187
0.35334440096658265
0.3533042706516449
0.35329701817960274
0.35329694878683116
0.35329694878683116
0.3532721570253554
0.3532614274758597
0.3532614274758597
0.3531297334933742
0.3531297334933742
0.35312371822781086
0.3527491555612348
0.3526929633879244
0.3525677476447801
0.3523891757297796
0.3523840885706688
0.35232478101956566
0.35232478101956566
0.3522671892775168
0.3522456263602357
0.35093050692106875
0.35093050692106875
0.3509274163725802
0.3509274163725802
0.3509274163725802
0.3509274163725802
0.3508116898558811
0.3508080383937821
0.35080714971101673
0.3506472949696399
0.3506472949696399
0.3506472949696399
0.34972927583798674
0.34972927583798674
0.3496056874553775
0.3495494848372675
0.3495494848372675
0.3495144452585055
0.3495144452585055
0.3494918353336557
0.3494918353336557
0.3494301879144342
0.3494301879144342
0.3494301879144342
0.349388067789538
0.3493877528572241
0.3493875953876888
0.3493875953876888
0.34937572223559604
0.34930925129753554
0.34930925129753554
0.34929495829987095
0.34929495829987095
0.3492983281028566
0.3492983281028566
0.3492983281028566
0.3492983281028566
0.3492983281028566
0.3492983281028566
0.3489989315009579
0.34897269658670155
0.3489725850147731
0.3489620385201356
0.3489619959427041
0.35384325664560157
0.3538252893135564
0.3538176319490305
0.3538135064697284
0.3538135064697284
0.3538135064697284
0.3538135064697284
0.35378674646233116
0.35378674646233116
0.3537886131517748
0.3537886131517748
0.3537886131517748
0.3537886131517748
0.3537886131517748
0.3537886016270934
0.3537885895075212
0.3537885895075212
0.3537885895075212
0.35378858078682884
0.35378858078682884
0.35378858078682884
0.35378841268322275
0.35378841268322275
0.35378841268322275
0.35378841268322275
0.3537843168049784
0.3537843168049784
0.3537843168049784
0.3537812012820785
0.3537812012820785
0.3537812012820785
0.3537811945120301
0.3537811945120301
0.3537811945120301
0.3537765739439102
0.3537765739439102
0.35377592206435426
0.35377592206435426
0.35377592206435426
0.35377592206435426
0.35377592206435426
0.35377592206435426
0.35377592206435426
0.35377592206435426
0.35377592200270697
0.35377592200270697
0.35377592200270697
0.35377592200270697
0.35377592200270697
0.35377592200270697
