0.4976726465144616
0.4976726465144616
0.4976726465144616
0.4976726465144616
0.4976726465144616
0.4976726465144616
0.4976726465144616
0.4976726465144616
0.4976726465144616
0.4976726465144616
0.4976726465144616
0.4976726465144616
0.4976726465144616
0.4976726465144616
0.4976726465144616
0.4976726465144616
0.4976726465144616
0.4976726465144616
0.4976726465144616
0.4976726465144616
0.4976726465144616
0.4976726465144616
0.4976726465144616
0.4976726465144616
0.4976726465144616
0.4976726465144616
0.4976726465144616
0.4976726465144616
0.4976726465144616
0.4976726465144616
0.4976726465144616
0.4976726465144616
0.42523074148745593
0.42523074148745593
0.42092463227861815
0.4185675503102313
0.48078195589422257
0.4807719985658618
0.4782726892732598
0.4781909425691863
0.4592571208184092
0.4592571208184092
0.4592571208184092
0.4592571208184092
0.4592571208184092
0.4592571208184092
0.4592571208184092
0.45675604138097214
0.4169817909532256
0.3160274337932614
0.28192459054289054
0.2752396854225348
0.2752377734451945
0.273266640454813
0.2732334406331667
0.27319421290251433
0.27318390132828724
0.273183679766179
0.2731772228144406
0.2617754192514786
0.25904136713442044
0.25899392319900744
0.25501047634547525
0.25501047634547525
0.25501047634547525
0.25452432318534435
0.2291695997743673
0.22813892423005921
0.21886491184133403
0.2188462776757683
0.21809840337590108
0.21793187429434885
0.21791769647856565
0.21791763553347773
0.21791198971102557
0.21789951961461856
0.2178963964118628
0.21783258746838563
0.21783245121859857
0.21570677038627759
0.21536009860029065
0.21536009860029065
0.21487924217159604
0.21472881303008115
0.21462800614965213
0.2145905032657791
0.21458929070016086
0.2129566983188796
0.2125688669781048
0.21241735904345357
0.21224778089363527
0.212102752089096
0.21206879101156426
0.21204173814544108
0.21202329215292134
0.2120172154983333
0.21201288131881324
0.21201279057481814
0.21201172561977144
0.21198075905465144
0.2119054637634954
0.21190322771721887
0.21190322172361084
0.21190288845970837
0.21190288399891422
0.21190147171804785
0.21189239394275272
0.2118906070412289
0.2118856567482127
0.21188290931985046
0.21184959971097916
0.21184176683472822
0.21184167209729732
0.2118380181816147
0.21183788772324438
0.21183609902375045
0.2117355421728909
0.21173457415965607
0.21169463302797464
0.21166308984595078
0.21162982842006145
0.211613857644706
0.2116128713260269
0.21161277283065313
0.21161247495710492
0.21161206514618053
0.2116105373084482
0.21160960668599238
0.2116080346049785
0.2116080346049785
0.2116080346049785
0.21160695282870426
0.21160695282870426
0.19222712739955572
0.1922245055304984
0.192412796319935
0.1924127728008403
0.1924127728008403
0.19241276477496877
0.19241276477496877
0.19241276477496877
0.19241276439628746
0.19241276438857532
0.19241276438857532
0.1924127643826168
0.1924127643826168
0.19183355863178883
0.19183355863178883
0.19132488145195398
0.1906323531637814
0.19063038661114268
0.19057213874421916
0.19056901424084155
0.19056901424084155
0.19056901424084155
0.19056900801379387
0.19056900791707027
0.19056900791707027
0.19056900791707027
0.19011643699862815
0.18999836456863342
0.18992608980629377
0.18992608980629377
0.1899248347140522
0.18983219588824118
0.18974950531253948
0.18974950531253948
0.1896996400158907
0.18969623434191357
0.18969623434191357
0.18969542179046295
0.1896940082479594
0.18969323943908198
0.1896230788737682
0.18957640043400817
0.18957640043400817
0.18957640043400817
0.18957638406477234
0.18957590989943177
0.18957523502229542
0.18957523502229542
0.1895661923146535
0.1895661923146535
0.1895661923146535
0.1895661923146535
0.18955593698992074
0.1895152703418741
0.18934139722753174
0.18932627002978122
0.18932608111309773
0.18932591734266405
0.18782855526965328
0.15485472721444202
0.1184486250055039
0.11841032927516144
0.1184016382448508
0.1184016382448508
0.11838757299656802
0.1183775814048383
0.118050050292836
0.118050050292836
0.11804457161351488
0.1180293953795135
0.11802939537898684
0.1180293953789849
0.11802804463287768
0.11802065869126226
0.1180195751935025
0.11801826894975398
0.1180176847929746
0.1180176847929746
0.1180176847929746
0.11801768479287691
0.11801768479287691
0.11799227850252196
0.11799008694470818
0.1179894751123785
0.11798937138939691
0.11798937138939691
0.1179893661327367
0.11798840012002337
0.11798838802367781
0.11798838802367781
0.11798838802367781
0.11798788750478482
0.1179878863894975
0.11798758963075293
0.11798758963075293
0.11798758963075293
0.11798755246712939
0.11798733933608312
0.11798719659459295
0.1179850602111011
0.11798179736486138
0.11795270208960387
0.11792013373095687
0.11791952632391753
0.11791686259186307
0.11790223380881863
0.11790187772334121
0.11789912032026972
0.11788805275067456
0.1171339480889597
0.1169960435085012
0.11583196114103288
0.11582999471334106
0.11573261201031465
0.11565112353163395
0.11562906734508721
0.11562489163633094
0.11562282215727855
0.1156216967411768
0.11562073288493518
0.11561673006362824
0.11561268305477325
0.11561212498897065
0.11561203698227689
0.11558431459964458
0.10117261682384507
0.10118755502929593
0.09973686127394647
0.099499506447554
0.09948468664762725
0.09943042260700573
0.09937541414604861
0.09937541414604861
0.09898902098313472
0.0989355328662215
0.0989355328662215
0.0989355328662215
0.09892839976296595
0.09892410459524245
0.09888588890177637
0.09888517899798978
0.09887678418948304
0.0988458726888515
0.09883657111653095
0.09883294583405977
0.09881760227695476
0.09881688255092112
0.09881122955755661
0.0987270729619572
0.09872275087696661
0.09872275087696661
0.09872275087696661
0.09869691937352905
0.09869691937352905
0.09869691937352905
0.09858138659372821
0.09856972570117932
0.09856519757971777
0.09855604801806525
0.09855344091332731
0.0985520045798671
0.09855194765431571
0.09855154857088806
0.09855154857088806
0.09855116042625968
0.09855112729338047
0.09855107776970386
