ID: 20231203180832_6464

Problem: dtlz7
Number of objects: 3
Number of variables: 3

Algorithm choice: 2
Algorithm phase strategy: local + global
First phase rate: 1.0
Population size: 15
Maximum number of function evaluations: 300

IGD: 0.09855107776970386
GD: 0.012239833196183398
HV: 1.0785149833835885
Time cost: 1214.8289806842804

non_dom_solutions:
[0.1906298363330693, 0.08354088131124872, 0.0006146295610081343]
[0.21333802313393058, 0.08280935094779113, 0.0006146295610081343]
[0.17571158661806896, 0.004532859402168299, 0.0006146295610081343]
[0.30721924435392384, 0.10876539989029821, 0.00020893497910599856]
[0.28383261319589664, 0.07685636011385238, 0.00020893497910599856]
[0.13762600649403378, 0.0009835190395232063, 0.0006146295610081343]
[0.18452080775591628, 0.00029410521823719504, 0.0003773463859894216]
[0.2923300645167837, 0.1730258268590827, 0.00019080848476348]
[0.8650158654417803, 0.7641057150495287, 0.0011609966475574635]
[0.7737945866513207, 0.07685636011385238, 0.00020893497910599856]
[0.7800172657037043, 0.6782161080982877, 0.00024007827634225237]
[0.7519960397437844, 0.6257192463437633, 0.00023939318365171045]
[0.7560069912907492, 0.6175905483714976, 4.151623488783874e-05]
[0.7560408141662565, 0.6712549453867319, 0.00023939318365171045]
[0.7618013989644705, 0.6672649111963025, 0.00023939318365171045]
[0.7685019843222978, 0.6623147430768402, 0.00020878297064499862]
[0.7684471377173556, 0.660314164563051, 2.8542662314071533e-05]
[0.7684471377173556, 0.6613498736988899, 2.8542662314071533e-05]
[0.7699873696454022, 0.660314164563051, 5.187365124582942e-06]
[0.6710073353023798, 0.07553348617726363, 0.00020878297064499862]
[0.717184158899021, 0.10178228825044894, 2.8542662314071533e-05]
[0.7795758533984272, 0.6691762834711159, 0.00010249464512528811]
[0.781577987826385, 0.7434173303694913, 0.0011609966475574635]
[0.6370120844255628, 0.7434173303694913, 0.0011609966475574635]
[0.6370120844255628, 0.7542119154923439, 0.00027175189145083045]
[0.5931911761964809, 0.7958979038865065, 0.0004802156350566142]
[0.601214722726945, 0.788062536170842, 0.00019946148120533747]
[0.589876548577089, 0.8201413786938426, 1.74451145081893e-05]
[0.5904564321363357, 0.8387828867393979, 1.100553094131734e-05]
[0.589876548577089, 0.8350317382496428, 1.3427818256740894e-05]
[0.5904422497706031, 0.838641001416849, 5.493316608910855e-06]
[0.5904422497706031, 0.8402364204723486, 4.353362560642689e-06]
[0.5917084356987992, 0.8350317382496428, 7.371091619213892e-06]
[0.5917084356987992, 0.8364228208478026, 1.4582323447906117e-05]
[0.5946886837222541, 0.8340910039103369, 4.350966848661434e-07]
[0.7942401565773882, 0.7641057150495287, 0.00060912286520095]
[0.7895895281636272, 0.7718198734665211, 0.00013744147457469126]
[0.7894793016702721, 0.7763626330064245, 0.00013744147457469126]
[0.7887760604398623, 0.7779838815204488, 6.321381452508031e-07]
[0.7882756914108963, 0.7779838815204488, 4.660692268561458e-07]
[0.712330861936298, 0.7625302759855997, 0.00072549502697343]
[0.697507709717815, 0.7625302759855997, 0.00072549502697343]
[0.7302535161347913, 0.7354238642111831, 6.321381452508031e-07]
[0.7263909521393963, 0.7625608278576442, 2.7331181904304133e-07]
[0.7887760604398623, 0.7344655902329336, 2.096851295788234e-05]
[0.7358129836098513, 0.7340204091461953, 2.096851295788234e-05]
[0.7366666294979282, 0.7275414534580359, 3.731452930171692e-05]
[0.7388887323050222, 0.7337368336259537, 5.998774413561373e-07]
[0.7392012179300562, 0.7255542420143523, 1.5478339508499198e-05]
[0.7187125823467461, 0.7573728551274945, 0.00072549502697343]
[0.7263925297130109, 0.7625302759855997, 1.6248586827672892e-05]
[0.7262130083036702, 0.7620734503081087, 0.00013687428150704512]
[0.7331543727022145, 0.7259569197847483, 6.321381452508031e-07]
[0.7244449116631579, 0.7256859251887577, 1.3793561067813762e-05]
[0.7276416566656687, 0.7289311589055286, 9.377664353120234e-06]
[0.7263925297130109, 0.7624735183412974, 1.6248586827672892e-05]
[0.7299806042729577, 0.7267655303183939, 1.3192199763966848e-05]
[0.7263925297130109, 0.7624742060714507, 6.602910705290018e-06]
[0.7263925297130109, 0.7310112896169304, 1.6248586827672892e-05]
[0.740049228338814, 0.7343529090302869, 1.8250116860948798e-05]
[0.740049228338814, 0.7276465125546716, 1.8250116860948798e-05]
[0.7877529060305195, 0.739264448121029, 0.0006234696778579527]
[0.7412813810754664, 0.7249251544023295, 3.3880233513398526e-06]
[0.7887760604398623, 0.732578236216003, 6.321381452508031e-07]
[0.7410470579393699, 0.735035448713719, 4.660692268561458e-07]
[0.788290319585576, 0.7383661044402242, 0.0006234696778579527]
[0.7425356035559165, 0.7256642314716166, 1.6248586827672892e-05]
[0.7344264289769401, 0.726356462443698, 7.735976303525579e-06]
[0.727526707730118, 0.7602371673817944, 1.6248586827672892e-05]
[0.7513168911635659, 0.7602371673817944, 1.6248586827672892e-05]
[0.7399077641711139, 0.7365037414715152, 1.0513034553550856e-05]
[0.7263909521393963, 0.7196812139916242, 2.7331181904304133e-07]
[0.7503468289464357, 0.7181539752807277, 1.1623718133066184e-05]
[0.7887760604398623, 0.7472486276550883, 0.0006010613586038653]
[0.7906330098883172, 0.7488943601381597, 6.200974650628044e-07]
[0.7263909521393963, 0.7598597417066787, 2.7331181904304133e-07]
[0.7381596750923214, 0.7353704078001557, 1.3701927942234523e-05]
[0.7362957823067192, 0.7254230632078742, 3.635342291620166e-06]
[0.7312003064338637, 0.7297188796948252, 2.7331181904304133e-07]
[0.7263925297130109, 0.7575259352602193, 1.6248586827672892e-05]
[0.7269988776450245, 0.7566485191263562, 0.0005126290658916824]
[0.7887760604398623, 0.7490275907767663, 5.254743725476171e-07]
[0.7894793016702721, 0.7490028694508902, 0.00013744147457469126]
[0.7894793016702721, 0.7490028694508902, 0.00013744147457469126]
[0.7904246795711626, 0.7497605857387063, 6.321381452508031e-07]
[0.1906298363330693, 0.33605682720272134, 0.0006146295610081343]
[0.0001461049363704614, 0.00021228707978959704, 1.0467069390883806e-05]
[0.7583702914503364, 1.1156266553917406e-07, 8.17916143589718e-06]
[0.8016894978348136, 0.8046176143639119, 0.0030025065427209605]
[0.8210317307195252, 0.8305423501227243, 4.4062286630816995e-06]
[0.8212103548081463, 0.8305423501227243, 4.43320488450997e-06]
[0.8212103548081463, 0.8218467384568096, 4.49713696491721e-06]
[0.8202603757066669, 0.8220648471085483, 7.3541524489645555e-06]
[0.8650158654417803, 0.7641068818832825, 0.0011609966475574635]
[0.850826247228931, 0.5739601096055345, 0.0011959455739271882]
[0.8366374175923982, 0.6513180280009453, 0.00039108237535971646]
[0.855953363552212, 0.6613142535956528, 0.0011609966475574635]
[0.8438888640761284, 0.6650316928623269, 0.0011507535198792289]
[0.8647706354543433, 0.7641069000080389, 0.0011609966475574635]
[0.8360457758734848, 0.7592765098672111, 2.7331181904304133e-07]
[0.8650158654417803, 0.791210351799141, 0.00017286337007231534]
[0.8177437822585556, 0.865842436657461, 8.23842066172176e-08]
[0.8161736449421704, 0.8662551208932188, 8.23842066172176e-08]
[0.8156963565675256, 0.8662551208932188, 8.23842066172176e-08]
[0.8154348236007911, 0.8662551208932188, 4.493053236261861e-09]
[0.8014843711750665, 0.8590305066914347, 2.565779452376852e-07]
[0.8245620305755914, 0.8536295649472957, 9.31385190632353e-06]
[0.816446523821906, 0.8660250796504756, 3.338358770234718e-07]
[0.8226018373665416, 0.8634368739603281, 1.6825210426726054e-10]
[0.8227368788661608, 0.8555802520049545, 1.6248586827672892e-05]
[0.8277652302171895, 0.8596947613765309, 1.6825210426726054e-10]
[0.8126496413343485, 0.8731403465452807, 4.2372384169256953e-10]
[0.8286078752506203, 0.8545632382599717, 1.4558263269275306e-10]
[0.8525645596828743, 0.8596947613765309, 1.594204903961396e-05]
[0.8525645596828743, 0.7338031296465439, 2.703742995528483e-07]
[0.8522770049627615, 0.7408017673610882, 6.57998516106544e-06]
[0.8525645596828743, 0.7402287930814966, 1.594204903961396e-05]
[0.8525645596828743, 0.7388487617052318, 3.963980326222275e-06]
[0.6737353123325377, 0.6435394747921782, 1.6248586827672892e-05]
[2.1640073654351326e-09, 0.6274478833249659, 1.6831163799801903e-05]
[0.0013489486579866261, 0.7373325290806525, 8.731800638510367e-05]
[0.7669909903602087, 0.7602371673817944, 2.097435790086089e-07]
[0.8454845402829517, 0.7535881685537554, 1.6825210426726054e-10]
[4.881998403644741e-10, 2.000949296662377e-10, 1.1207733127474847e-09]
[0.7377001913841986, 0.7490776374033064, 1.969378050410849e-07]
[0.940266578305982, 2.000949296662377e-10, 1.1207733127474847e-09]
[0.7293638039616145, 5.423131834011649e-10, 2.586129866284561e-06]
[0.7699783420608683, 0.7602371673817944, 4.3013234035830595e-06]
[0.7697887303208305, 0.7436983588233413, 8.74940181118415e-10]
[0.7710379691483994, 0.7602371673817944, 1.6248586827672892e-05]
[0.7829140743038988, 0.7602371673817944, 1.6393705756128713e-05]
[0.8219704215744574, 0.8537248364855127, 1.1207733127474847e-09]
[0.7828388802765238, 0.7507803429304996, 1.6248586827672892e-05]
[4.881998403644741e-10, 2.000949296662377e-10, 1.1207733127474847e-09]
[4.881998403644741e-10, 2.000949296662377e-10, 1.1207733127474847e-09]
[2.1613542331761562e-09, 5.423131834011649e-10, 1.689322826307139e-10]
[2.1613542331761562e-09, 5.423131834011649e-10, 1.689322826307139e-10]
[0.830098187607105, 0.8353462460179558, 1.6825210426726054e-10]
[0.7879562051309326, 0.7602371673817944, 1.6248586827672892e-05]
[0.7898050261585351, 0.7599950665616613, 1.6136106152768415e-05]
[0.7906827371573023, 0.7625698117815568, 2.7331181904304133e-07]
[0.789669646282952, 0.7602371673817944, 1.7176719337101318e-05]
[0.7881080231498008, 0.7602371673817944, 1.5088895156951292e-05]
[0.7854545855086272, 0.7549863339450027, 1.594204903961396e-05]
[0.7888512897599668, 0.7602371673817944, 2.0871429309563116e-08]
[0.7876115519934551, 0.7602371673817944, 1.6248586827672892e-05]
[0.7890127148653527, 0.7602371673817944, 4.320046913308422e-07]
[0.7916809746245438, 0.7602371673817944, 1.6248586827672892e-05]
[0.7885753164314399, 0.7602371673817944, 1.973922723551693e-07]
[0.7898841635964697, 0.7624848743351854, 9.54989277868761e-05]
[0.7895843925549266, 0.7602371673817944, 1.6248586827672892e-05]
[0.7891268579526959, 0.7602371673817944, 3.5777618796339357e-09]
[0.7897137453255817, 0.7597945304277836, 4.651745864226433e-08]
[0.7857133584117744, 0.7560867771164217, 4.076611207003986e-10]
[0.7831226978090078, 0.748152183985424, 3.963913854226412e-07]
[0.8278461565713501, 0.841089275178353, 1.6825210426726054e-10]
[0.8317341948699103, 0.8378566491576354, 3.4954136393000987e-10]
[0.8180450407646878, 0.8191714217425371, 0.0011609966475574635]
[0.8161991706126579, 0.7476392488909627, 4.046843939639577e-10]
[0.8195177902901806, 0.8205400391430572, 2.3410228814404132e-05]
[0.8161390907089202, 0.75305245469062, 0.001146096241002301]
[0.8334419137068074, 0.8301042879295969, 0.00020780596460272043]
[0.8277652302171895, 0.8313442533536104, 1.9118676956097124e-05]
[0.8288442357085254, 0.8257486471072454, 1.5567735249292495e-07]
[0.8278169353732427, 0.7602371673817944, 1.6248586827672892e-05]
[2.1613542331761562e-09, 0.017351302622531484, 4.076611207003986e-10]
[0.8647706354543433, 0.7118589789838258, 9.224689526124462e-05]
[2.1613542331761562e-09, 0.04041905535155038, 4.109576620462115e-10]
[2.1613542331761562e-09, 0.03863220276861333, 5.158117728906817e-06]
[0.8330624588892401, 0.7161954103316206, 0.0011609966475574635]
[0.8413790181356279, 0.7058957724633491, 0.0011609966475574635]
[0.8403839262711988, 0.7204093815062425, 1.6825210426726054e-10]
[0.8452855858191253, 0.7118147558041836, 1.6248586827672892e-05]
[0.8365446639261892, 0.718174224648106, 3.5821755713985684e-10]
[0.8383956890053229, 0.7105617810916226, 0.00016497784782533282]
[0.8438101305003057, 0.7185325374737438, 1.6248586827672892e-05]
[0.8459708291115161, 0.7216696876647198, 4.109576620462115e-10]
[0.8439280455354091, 0.7248873954905921, 1.5189217544145546e-05]
[0.8430543666251692, 0.7097870787760855, 1.8178902284611488e-05]
[0.8432025124504173, 0.7122000738139886, 1.6825210426726054e-10]
[0.8467874896608153, 0.6979609847958382, 5.838957136179627e-08]
[0.23088154238082317, 0.8599205428192231, 1.689322826307139e-10]
[0.7325355520462913, 0.8229270798663947, 0.00032126475422154604]
[0.8547011290961735, 0.02532017132827674, 1.594204903961396e-05]
[0.7981509054884657, 5.423131834011649e-10, 1.689322826307139e-10]
[0.7340186965962765, 5.423131834011649e-10, 0.0001187743214997869]
[0.7757984538595876, 0.0025349402750936, 1.594204903961396e-05]
[0.7682093269616805, 0.015733552653589323, 1.689322826307139e-10]
[0.6970403910768113, 0.711348817644867, 0.0011609966475574635]
[0.7318940988842327, 0.7044978993126423, 0.0011609966475574635]
[0.7325355520462913, 0.73083268180298, 3.1596074041727014e-05]
[0.7325355520462913, 0.7289104460781936, 0.00032126475422154604]
[0.7324704374433333, 0.7062493881714528, 0.000307829676794849]
[0.733157582802414, 0.717796565554809, 0.0011609966475574635]
[0.7238036417073614, 0.6976767641360637, 0.00032073120717777915]
[0.7294799592273892, 0.7220975595509969, 1.689322826307139e-10]
[0.7311459359164086, 0.6916625449380028, 0.000311827445491622]
[0.7123451089686801, 0.6998947513080122, 0.0011609966475574635]
[0.7382582933313125, 0.7105846983509767, 1.6248586827672892e-05]
[0.7209468224652892, 0.7331684424973328, 6.021304604211282e-06]
[0.7128449357694434, 0.7392265986962754, 0.00044218100296626595]
[0.7325355520462913, 0.7214534495183332, 0.00031415151064249534]
[0.7067242462100266, 0.7602371673817944, 8.863534330224773e-07]
[0.7013455422382454, 0.7412189125060379, 0.0011609966475574635]
[0.714802734928593, 0.7466938702178764, 0.0003478701546227001]
[0.8420886260123953, 0.8236961884359334, 0.00030801418287815734]
[0.8287573457957859, 0.8276138421969933, 4.936819802745635e-06]
[0.7884261403691912, 0.8381449929894789, 1.041387406551411e-06]
[0.8068972190856539, 0.8423244198123992, 2.7850854259311997e-05]
[0.8013455783056707, 0.8412835002047234, 8.902794025272633e-06]
[0.7972211763136644, 0.8309061971473528, 0.0011609966475574635]
[0.8032113773237114, 0.8357521155922447, 1.594204903961396e-05]
[0.8023088802309113, 0.8309061971473528, 0.0011435612237843899]
[0.8030674323143372, 0.8344374777575346, 0.0011520770879180524]
[0.8050929872088103, 0.838028852500348, 1.6083431717721354e-05]
[0.8038081023515609, 0.8372256991836775, 3.511876870977734e-10]
[0.8011783460402192, 0.8364928816098444, 1.6603920773457768e-10]
[0.8016750717022622, 0.8392038310996636, 3.731565235903637e-06]
[0.8010298693221997, 0.8313152264055931, 0.0011609966475574635]

non_dom_solutions_y:
[0.19062984 0.08354088 5.49744779]
[0.21333802 0.08280935 5.46915245]
[1.75711587e-01 4.53285940e-03 5.66108343e+00]
[0.30721924 0.1087654  5.42183662]
[0.28383261 0.07685636 5.4663574 ]
[1.37626006e-01 9.83519040e-04 5.74547321e+00]
[1.84520808e-01 2.94105218e-04 5.64345803e+00]
[0.29233006 0.17302583 5.25690171]
[0.86501587 0.76410572 2.96833213]
[0.77379459 0.07685636 4.44892865]
[0.78001727 0.67821611 3.79097451]
[0.75199604 0.62571925 4.32262647]
[0.75600699 0.61759055 4.3391317 ]
[0.75604081 0.67125495 3.98599388]
[0.7618014  0.66726491 3.97849774]
[0.76850198 0.66231474 3.97252697]
[0.76844714 0.66031416 3.98234097]
[0.76844714 0.66134987 3.97492137]
[0.76998737 0.66031416 3.97255846]
[0.67100734 0.07553349 5.18230993]
[0.71718416 0.10178229 4.76975978]
[0.77957585 0.66917628 3.85654818]
[0.78157799 0.74341733 3.32385372]
[0.63701208 0.74341733 4.33457381]
[0.63701208 0.75421192 4.23778856]
[0.59319118 0.7958979  4.25573104]
[0.60121472 0.78806254 4.24648908]
[0.58987655 0.82014138 4.16724944]
[0.59045643 0.83878289 4.12194798]
[0.58987655 0.83503174 4.13113642]
[0.59044225 0.838641   4.12209018]
[0.59044225 0.84023642 4.11959714]
[0.59170844 0.83503174 4.12264082]
[0.59170844 0.83642282 4.12030093]
[0.59468868 0.834091   4.1103472 ]
[0.79424016 0.76410572 3.11000765]
[0.78958953 0.77181987 3.0731667 ]
[0.7894793  0.77636263 3.04775533]
[0.78877606 0.77798388 3.03850776]
[0.78827569 0.77798388 3.04098415]
[0.71233086 0.76253028 3.64857195]
[0.69750771 0.76253028 3.76068612]
[0.73025352 0.73542386 3.67852517]
[0.72639095 0.76256083 3.52430842]
[0.78877606 0.73446559 3.31905912]
[0.73581298 0.73402041 3.6491575 ]
[0.73666663 0.72754145 3.69040398]
[0.73888873 0.73373683 3.62885974]
[0.73920122 0.72555424 3.68645167]
[0.71871258 0.75737286 3.633493  ]
[0.72639253 0.76253028 3.52491861]
[0.72621301 0.76207345 3.53234229]
[0.73315437 0.72595692 3.7260911 ]
[0.72444491 0.72568593 3.7917949 ]
[0.72764166 0.72893116 3.74453537]
[0.72639253 0.76247352 3.52527246]
[0.7299806  0.72676553 3.74341843]
[0.72639253 0.76247421 3.52500773]
[0.72639253 0.73101129 3.73876707]
[0.74004923 0.73435291 3.61677027]
[0.74004923 0.72764651 3.66525795]
[0.78775291 0.73926445 3.30637502]
[0.74128138 0.72492515 3.67617495]
[0.78877606 0.73257824 3.33205153]
[0.74104706 0.73503545 3.60443083]
[0.78829032 0.7383661  3.3100225 ]
[0.7425356  0.72566423 3.66236829]
[0.73442643 0.72635646 3.71423619]
[0.72752671 0.76023717 3.53102577]
[0.75131689 0.76023717 3.36421624]
[0.73990776 0.73650374 3.60221896]
[0.72639095 0.71968121 3.82149782]
[0.75034683 0.71815398 3.6645339 ]
[0.78877606 0.74724863 3.24545586]
[0.79063301 0.74889436 3.20902037]
[0.72639095 0.75985974 3.54129077]
[0.73815968 0.73537041 3.62267293]
[0.73629578 0.72542306 3.7076391 ]
[0.73120031 0.72971888 3.71271531]
[0.72639253 0.75752594 3.55661867]
[0.72699888 0.75664852 3.57124329]
[0.78877606 0.74902759 3.21720304]
[0.7894793  0.74900287 3.21760345]
[0.7894793  0.74900287 3.21760345]
[0.79042468 0.74976059 3.20420208]
[0.19062984 0.33605683 5.31274468]
[1.46104936e-04 2.12287080e-04 5.99992359e+00]
[7.58370291e-01 1.11562666e-07 4.66500962e+00]
[0.8016895  0.80461761 2.93313095]
[0.82103173 0.83054235 2.70277012]
[0.82121035 0.83054235 2.70225603]
[0.82121035 0.82184674 2.72417295]
[0.82026038 0.82206485 2.72639799]
[0.86501587 0.76410688 2.96832493]
[0.85082625 0.57396011 4.20828991]
[0.83663742 0.65131803 3.78026177]
[0.85595336 0.66131425 3.71084973]
[0.84388886 0.66503169 3.6926807 ]
[0.86477064 0.7641069  2.96821865]
[0.83604578 0.75927651 2.9871936 ]
[0.86501587 0.79121035 2.79202889]
[0.81774378 0.86584244 2.68196434]
[0.81617364 0.86625512 2.68716057]
[0.81569636 0.86625512 2.6887079 ]
[0.81543482 0.86625512 2.68956027]
[0.80148437 0.85903051 2.73988518]
[0.82456203 0.85362956 2.66225415]
[0.81644652 0.86602508 2.68616747]
[0.82260184 0.86343687 2.66664584]
[0.82273688 0.85558025 2.66664188]
[0.82776523 0.85969476 2.65261686]
[0.81264964 0.87314035 2.70454377]
[0.82860788 0.85456324 2.65152858]
[0.85256456 0.85969476 2.61627483]
[0.85256456 0.73380313 3.14109782]
[0.852277   0.74080177 3.09186512]
[0.85256456 0.74022879 3.09596991]
[0.85256456 0.73884876 3.10533949]
[0.67373531 0.64353947 4.77747593]
[2.16400737e-09 6.27447883e-01 5.59968395e+00]
[1.34894866e-03 7.37332529e-01 4.80809536e+00]
[0.76699099 0.76023717 3.2640391 ]
[0.84548454 0.75358817 3.01040159]
[4.88199840e-10 2.00094930e-10 6.00000003e+00]
[0.73770019 0.74907764 3.53037613]
[9.40266578e-01 2.00094930e-10 4.55790962e+00]
[7.29363804e-01 5.42313183e-10 4.86436714e+00]
[0.76997834 0.76023717 3.24630032]
[0.76978873 0.74369836 3.35696562]
[0.77103797 0.76023717 3.24038943]
[0.78291407 0.76023717 3.17426523]
[0.82197042 0.85372484 2.66903635]
[0.78283888 0.75078034 3.23619684]
[4.88199840e-10 2.00094930e-10 6.00000003e+00]
[4.88199840e-10 2.00094930e-10 6.00000003e+00]
[2.16135423e-09 5.42313183e-10 6.00000000e+00]
[2.16135423e-09 5.42313183e-10 6.00000000e+00]
[0.83009819 0.83534625 2.66964729]
[0.78795621 0.76023717 3.14840199]
[0.78980503 0.75999507 3.14080225]
[0.79068274 0.76256981 3.11992705]
[0.78966965 0.76023717 3.13995942]
[0.78810802 0.76023717 3.14761375]
[0.78545459 0.75498633 3.19480972]
[0.78885129 0.76023717 3.14351981]
[0.78761155 0.76023717 3.15012513]
[0.78901271 0.76023717 3.14273424]
[0.79168097 0.76023717 3.13020735]
[0.78857532 0.76023717 3.14488997]
[0.78988416 0.76248487 3.12690752]
[0.78958439 0.76023717 3.14035175]
[0.78912686 0.76023717 3.14216023]
[0.78971375 0.75979453 3.14208554]
[0.78571336 0.75608678 3.18589169]
[0.7831227  0.74815218 3.25194491]
[0.82784616 0.84108928 2.66548203]
[0.83173419 0.83785665 2.66167404]
[0.81804504 0.81917142 2.7726772 ]
[0.81619917 0.74763925 3.11381314]
[0.81951779 0.82054004 2.73341107]
[0.81613909 0.75305245 3.10872172]
[0.83344191 0.83010429 2.67890317]
[0.82776523 0.83134425 2.68358287]
[0.82884424 0.82574865 2.69366903]
[0.82781694 0.76023717 2.99883171]
[2.16135423e-09 1.73513026e-02 5.97982384e+00]
[0.86477064 0.71185898 3.30465593]
[2.16135423e-09 4.04190554e-02 5.94455340e+00]
[2.16135423e-09 3.86322028e-02 5.94774981e+00]
[0.83306246 0.71619541 3.32672085]
[0.84137902 0.70589577 3.3900287 ]
[0.84038393 0.72040938 3.25118446]
[0.84528559 0.71181476 3.30958303]
[0.83654466 0.71817422 3.2740166 ]
[0.83839569 0.71056178 3.33240842]
[0.84381013 0.71853254 3.26098168]
[0.84597083 0.72166969 3.23480676]
[0.84392805 0.7248874  3.21377388]
[0.84305437 0.70978708 3.32754816]
[0.84320251 0.71220007 3.30869984]
[0.84678749 0.69796098 3.41237784]
[0.23088154 0.85992054 3.8862606 ]
[0.73253555 0.82292708 3.20813364]
[0.85470113 0.02532017 4.27699626]
[7.98150905e-01 5.42313183e-10 4.44717584e+00]
[7.34018697e-01 5.42313183e-10 4.83391607e+00]
[7.75798454e-01 2.53494028e-03 4.55752793e+00]
[0.76820933 0.01573355 4.58573906]
[0.69704039 0.71134882 4.13534638]
[0.7318941  0.7044979  3.92692849]
[0.73253555 0.73083268 3.69585946]
[0.73253555 0.72891045 3.71762642]
[0.73247044 0.70624939 3.88648639]
[0.73315758 0.71779657 3.81777168]
[0.72380364 0.69767676 4.0149606 ]
[0.72947996 0.72209756 3.78104217]
[0.73114594 0.69166254 4.00669963]
[0.71234511 0.69989475 4.10620253]
[0.73825829 0.7105847  3.8046161 ]
[0.72094682 0.73316844 3.76308148]
[0.71284494 0.7392266  3.7922884 ]
[0.73253555 0.72145345 3.77219726]
[0.70672425 0.76023717 3.68568889]
[0.70134554 0.74121891 3.88461326]
[0.71480273 0.74669387 3.72333347]
[0.84208863 0.82369619 2.68300732]
[0.82875735 0.82761384 2.68936367]
[0.78842614 0.83814499 2.81731599]
[0.80689722 0.84232442 2.7302471 ]
[0.80134558 0.8412835  2.75348435]
[0.79722118 0.8309062  2.82103959]
[0.80321138 0.83575212 2.75487124]
[0.80230888 0.8309062  2.79871719]
[0.80306743 0.83443748 2.78859219]
[0.80509299 0.83802885 2.74335974]
[0.8038081  0.8372257  2.74941623]
[0.80117835 0.83649288 2.76153839]
[0.80167507 0.83920383 2.75504807]
[0.80102987 0.83131523 2.80364559]
