1.3264406979053918
1.3264406979053918
1.3264406979053918
1.3264406979053918
1.3264406979053918
1.3264406979053918
1.3264406979053918
1.3264406979053918
1.3264406979053918
1.3264406979053918
1.3264406979053918
1.3264406979053918
1.3264406979053918
1.3264406979053918
1.3264406979053918
1.3264406979053918
1.3264406979053918
1.3264406979053918
1.3264406979053918
1.3264406979053918
1.3264406979053918
1.3264406979053918
1.3264406979053918
1.3264406979053918
1.3264406979053918
1.3264406979053918
1.3264406979053918
1.3264406979053918
1.3264406979053918
1.3264406979053918
1.3264406979053918
1.3264406979053918
1.3264406979053918
1.3264406979053918
1.3264406979053918
1.3264406979053918
1.3264406979053918
1.3264406979053918
1.3264406979053918
1.3264406979053918
1.3264406979053918
1.3264406979053918
1.3264406979053918
1.3264406979053918
1.3264406979053918
1.3264406979053918
1.3264406979053918
1.3264406979053918
1.3264406979053918
1.3264406979053918
1.3264406979053918
1.3264406979053918
1.3264406979053918
1.3264406979053918
1.3264406979053918
1.3164697757159802
1.3164697757159802
1.3164697757159802
1.3164697757159802
1.3164697757159802
1.3164697757159802
1.2515618449464387
1.2515618449464387
1.2515618449464387
1.2515618449464387
1.2188523917970266
1.1718576770438585
1.1718576770438585
1.1718576770438585
1.1718576770438585
1.1718576770438585
1.1718576770438585
1.1718576770438585
1.1718576770438585
1.1718576770438585
1.0464922113707271
0.9520529429102149
0.9520529429102149
0.9013244563453415
0.8895296062321952
0.8889111200167689
0.8827561960969479
0.8827895299447853
0.8835975648425464
0.8842053152808395
0.8836254504676847
0.8835248854950509
0.883553164102068
0.8834479824568837
0.8834479812086729
0.8834470178934074
0.8834630607598447
0.8834628664238215
0.8834583604332471
0.8834568089814291
0.8834568089515707
0.8834574234913497
0.8834572280956114
0.8834571269339165
0.8834571112741316
0.8638004640550613
0.8638004640563998
0.8368061640887455
0.8368061640887455
0.8368061640887455
0.8368061640887455
0.8368061640887455
0.8368016849525659
0.8368009345759224
0.8368009345759224
0.8368009345759224
0.8368009345759224
0.8368009345759224
0.8368009345731681
0.7386436959696967
0.7386305372405146
0.7386305372405146
0.7386305372405146
0.7386305372405146
0.7386305372405146
0.7386305372405146
0.7386305372405146
0.7386305372405146
0.7386305372405146
0.7386305372405146
0.7386305372405146
0.7386301204602509
0.7386301204602509
0.7386301204602509
0.7386301204602509
0.7386301204602509
0.7386301204602509
0.7386301204602509
0.7386301204602509
0.7386301204602509
0.7386301204602509
0.7386301204602509
0.7386301204602509
0.7386301204602509
0.7147678560245972
0.713849824161519
0.713849824161519
0.713849824161519
0.713849824161519
0.713849824161519
0.713849824161519
0.713849824161519
0.713849824161519
0.713849824161519
0.713849824161519
0.713849824161519
0.713849824161519
0.713849824161519
0.713849824161519
0.7138410216847592
0.7138410216847592
0.6781858071161566
0.6781858071161566
0.6781858071161566
0.6781858071161566
0.6781858071161566
0.6781858071161566
0.6781159458626433
0.678115329362813
0.6781153293609858
0.6781153293609858
0.6781153293609858
0.678111635987357
0.678111635987357
0.678111635987357
0.678111635987357
0.678111635987357
0.678111635987357
0.678111635987357
0.678111635987357
0.678111635987357
0.678111635987357
0.678111635987357
0.678111635987357
0.678111635987357
0.678111635987357
0.678111635987357
0.678111635987357
0.678111635987357
0.678111635987357
0.678111635987357
0.678111635987357
0.678111635987357
0.678111635987357
0.678111635987357
0.678111635987357
0.678111635987357
0.678111635987357
0.678111635987357
0.678111635987357
0.678110817115198
0.678110817115198
0.678110817115198
0.678110817115198
0.678110817115198
0.6781108171142783
0.678091156691538
0.678091156691538
0.678091156691538
0.678091156691538
0.678091156691538
0.678091156691538
0.678091156691538
0.678091156691538
0.678091156691538
0.678091156691538
0.678091156691538
0.678091156689993
0.678091156689993
0.678091156689993
0.6780910937746327
0.6780910937746327
0.6780910937746327
0.6780910937746327
0.6780910937746327
0.6780910937746327
0.6780910937746327
0.6780910937746327
0.6780910902304278
0.6780910902304278
0.6780910902304278
0.6780879734630801
0.6780879734630801
0.6780179208099684
0.6779999564925389
0.6779999564925389
0.6779999564925389
0.6779999550521711
0.6779999550521711
0.6779999550521711
0.6779999550521711
0.6779999550521711
0.6779999550521711
0.6779999550521711
0.6779999550521711
0.6779999550521711
0.6779999550521711
0.6779999550518142
0.6779999550518142
0.6779999550518142
0.6779999550518142
0.677999723057068
0.677999723057068
0.677999723057068
0.677999723057068
0.677999723057068
0.677999723057068
0.677999723057068
0.677999723057068
0.6779982654709116
0.6779982654709116
0.6779982654709116
0.6779982654709116
0.6779982654709116
0.6779982654709116
0.6779975460390532
0.6779975460390532
0.6779975460390532
0.6779975460390532
0.6779975460390532
0.6779975460390532
0.6779975460390532
0.6779975460390532
0.6779964019992549
0.6779964019992549
0.6779964019992549
0.6779964019992549
0.6779964019992549
0.6779964019990188
0.6779964019990188
0.6779964019990188
0.6779964019990188
0.6779964019990188
0.6777290990342643
0.6777290990342643
0.6777290990342643
0.6777290990342643
0.6777290990342643
0.6776763107928196
0.6776763107928196
0.6776763107928196
0.6776763107921296
0.6638283051004822
0.6638283051004822
0.6638275161026143
0.6638275161026143
0.6638275161026143
0.6638275161026143
0.6638275161026143
0.6638275161026143
0.6638275161026143
0.6638275161026143
0.6638275161026143
0.6638275161026143
0.6638275161026143
