ID: 20231203204333_11205

Problem: dtlz7
Number of objects: 3
Number of variables: 5

Algorithm choice: 2
Algorithm phase strategy: local + global
First phase rate: 0.25
Population size: 15
Maximum number of function evaluations: 300

IGD: 0.6638275161026143
GD: 0.011006439488935928
HV: 0.4352649800109129
Time cost: 1635.8551642894745

non_dom_solutions:
[1.458938708391779e-06, 0.05325562193013067, 4.270624649840544e-08, 7.237657235725811e-07, 5.786064403989766e-08]
[0.005966958018413059, 7.260745890985622e-09, 1.1748083063834544e-08, 7.730613495774555e-09, 1.4117222155163311e-08]
[1.250152594364987e-09, 0.0011278560072264059, 1.1594107302719579e-08, 7.730613495774555e-09, 1.365863664519604e-08]
[0.002655857022923285, 4.1779167141708126e-08, 2.7002222113376555e-08, 8.250087105119579e-07, 1.1698161060965016e-08]
[2.069347386038156e-09, 0.19864216818245062, 1.1748083063834544e-08, 5.846120383515578e-09, 3.1340688606810826e-08]
[1.223822253208748e-09, 0.009997667883295478, 1.1748083063834544e-08, 7.730613495774555e-09, 1.4117222155163311e-08]
[1.1791434980286878e-09, 0.004386108958607135, 1.174478717834499e-08, 4.3966548601215755e-08, 5.814257083389889e-08]
[0.09768327427769324, 7.260745890985622e-09, 1.2000378696750522e-08, 6.493967274424981e-09, 5.2851903173389836e-08]
[1.223822253208748e-09, 0.14572139277107232, 1.1748083063834544e-08, 7.730613495774555e-09, 1.4117222155163311e-08]
[0.0017401085281402232, 7.260745890985622e-09, 1.1748083063834544e-08, 7.730613495774555e-09, 1.3637337689664797e-08]
[1.223822253208748e-09, 0.0006789496686679917, 1.1748083063834544e-08, 7.730613495774555e-09, 1.4117222155163311e-08]
[0.026821920383667028, 7.260745890985622e-09, 2.1902556454296035e-09, 7.730613495774555e-09, 1.4117222155163311e-08]
[0.0036176293127280087, 7.260745890985622e-09, 1.1748083063834544e-08, 7.730613495774555e-09, 1.4105956561034984e-08]
[1.223822253208748e-09, 0.29049414637924686, 1.1748083063834544e-08, 7.730613495774555e-09, 1.4116523124529351e-08]
[0.04220978365358979, 7.260745890985622e-09, 4.8395573123644925e-09, 7.730613495774555e-09, 1.1828300680968839e-08]
[0.024692002660450782, 7.260745890985622e-09, 1.2243106174046788e-08, 2.485311356954239e-09, 1.4508665330570912e-08]
[3.0737562373497234e-09, 0.01212426877010475, 1.1739350468964664e-08, 2.3798363153388423e-09, 1.4110370932664712e-08]
[1.1886692964595669e-09, 0.0036623500949849426, 3.476133386815883e-09, 2.1989480426753375e-09, 1.4104385048524007e-08]
[2.600286501916035e-09, 5.758423889345807e-10, 1.1617142083964018e-08, 0.01116924308456517, 1.4117222155163311e-08]
[3.099088417783644e-09, 0.0009714892258628736, 1.1797706057272015e-08, 2.3782513152145958e-09, 4.149409972356017e-09]
[0.007665475243092365, 7.260745890985622e-09, 5.746764177550576e-09, 2.4859920799246324e-09, 9.153183752608207e-09]
[0.04704417439988431, 7.260745890985622e-09, 1.1797706057272015e-08, 2.437244697487654e-09, 9.094449555474024e-09]
[1.2933537738398695e-09, 0.004167957268925601, 3.809553285834627e-09, 2.1384202803756324e-09, 1.4106938950705719e-08]
[3.1974511739441684e-09, 0.0030355431987899558, 1.1600536923180612e-08, 2.4273868239924064e-09, 4.269661499356481e-09]
[0.026977886178186156, 7.067809774471896e-09, 2.721726740007219e-10, 3.92204481364301e-09, 4.244000422243014e-09]
[3.1086801090272976e-09, 0.01101466326225775, 1.1797712314758573e-08, 6.51648415859899e-12, 4.2747308575978405e-09]
[3.067410594321627e-09, 0.013962986200462007, 1.046686177096769e-08, 3.90695548544684e-09, 4.269661499356481e-09]
[3.1628953172684173e-09, 0.15848466806070904, 1.1797714373011839e-08, 2.4843292941753647e-09, 1.0263062172081828e-09]
[1.3700719407181404e-09, 0.04013934251781392, 7.09658817741052e-12, 8.232598437685322e-10, 1.0708447976007042e-08]
[3.152600823562417e-10, 0.005868493679161823, 2.6216211466987927e-09, 8.310409549506308e-10, 1.0695861701866598e-08]
[0.04571302479037446, 7.260745890985622e-09, 1.1797712314758573e-08, 4.463435348347947e-11, 1.5475449607220918e-09]
[1.3185023567661847e-10, 7.260745890985622e-09, 1.1797712314758573e-08, 0.036035213879953065, 4.462767860262108e-09]
[3.1362275339003394e-09, 7.260745890985622e-09, 1.1797712314758573e-08, 1.9132788835730962e-11, 1.5475449607220918e-09]
[0.04741376749551715, 6.17615649401027e-10, 2.667028165327091e-09, 3.687290982009343e-10, 4.304899480866359e-09]
[6.375513241339495e-10, 7.27776667097657e-09, 2.4193847529113613e-09, 8.412273255435644e-10, 4.448520841495523e-09]
[0.028683252113895257, 7.071841395315302e-09, 2.810603922991163e-09, 1.7872746234223203e-11, 2.7180321987311896e-09]
[7.017538310474529e-10, 0.0007437580649954406, 2.4286978614365423e-09, 1.3421367858899716e-09, 4.50417514732753e-09]
[5.6358631823249745e-09, 0.002558835926009137, 1.1797712314758573e-08, 1.9031945077192937e-11, 1.5475449607220918e-09]
[0.010272925794243416, 7.27776667097657e-09, 2.421635772372197e-09, 1.3442651749757953e-09, 4.448520841495523e-09]
[5.5909897046347205e-09, 7.066524449521686e-09, 2.6215876675976152e-09, 8.42142567217992e-10, 2.1554297846410657e-09]
[6.472906755381041e-10, 7.067809774471896e-09, 2.617327089451322e-09, 8.428085903699461e-10, 9.690644146871959e-09]
[3.0570401595996966e-10, 0.0895556250525822, 2.6216547025793454e-09, 7.388287827699824e-10, 1.0695861701866598e-08]
[0.07861321634029005, 7.277959670111787e-09, 1.1797712314758573e-08, 4.463435348347947e-11, 1.6468018017954829e-09]
[3.1362275339003394e-09, 0.0035878097591678345, 1.1797712314758573e-08, 5.052919892897276e-11, 5.155438095199253e-10]
[5.593243380626695e-09, 6.64828362832849e-10, 1.0240450231282554e-09, 3.5941434921696627e-10, 1.5475449607220918e-09]
[0.1307843968060817, 7.260745890985622e-09, 1.1797712314758573e-08, 8.388361490303714e-10, 1.5475449607220918e-09]
[3.1362275339003394e-09, 0.014716245357490497, 1.1797712314758573e-08, 1.3242935233428552e-11, 1.5683640635969647e-09]
[1.7287772217184966e-10, 9.636844581522429e-10, 2.617327089451322e-09, 8.428085903699461e-10, 9.690644146871959e-09]
[5.5909897046347205e-09, 7.292070750131388e-09, 2.621772835662779e-09, 8.412195545597436e-10, 2.126647754438951e-09]
[4.843298068005243e-09, 5.596916791611845e-10, 2.1970473261532887e-09, 5.904513047952261e-11, 4.292560845098371e-09]
[5.524018134204065e-09, 0.0014340458176458836, 1.1945394432425224e-08, 3.611535956355633e-10, 4.482421629527064e-09]

non_dom_solutions_y:
[1.45893871e-06 5.32556219e-02 5.92112843e+00]
[5.96695802e-03 7.26074589e-09 5.99369795e+00]
[1.25015259e-09 1.12785601e-03 5.99886045e+00]
[2.65585702e-03 4.17791671e-08 5.99728540e+00]
[2.06934739e-09 1.98642168e-01 5.61166829e+00]
[1.22382225e-09 9.99766788e-03 5.98906199e+00]
[1.17914350e-09 4.38610896e-03 5.99543365e+00]
[9.76832743e-02 7.26074589e-09 5.82456234e+00]
[1.22382225e-09 1.45721393e-01 5.71138758e+00]
[1.74010853e-03 7.26074589e-09 5.99823165e+00]
[1.22382225e-09 6.78949669e-04 5.99931701e+00]
[2.68219204e-02 7.26074589e-09 5.96646994e+00]
[3.61762931e-03 7.26074589e-09 5.99625935e+00]
[1.22382225e-09 2.90494146e-01 5.59537989e+00]
[4.22097837e-02 7.26074589e-09 5.94143804e+00]
[2.46920027e-02 7.26074589e-09 5.96961374e+00]
[3.07375624e-09 1.21242688e-02 5.98649357e+00]
[1.18866930e-09 3.66235009e-03 5.99621144e+00]
[2.60028650e-09 5.75842389e-10 6.10052342e+00]
[3.09908842e-09 9.71489226e-04 5.99901978e+00]
[7.66547524e-03 7.26074589e-09 5.99178136e+00]
[4.70441744e-02 7.26074589e-09 5.93277427e+00]
[1.29335377e-09 4.16795727e-03 5.99566854e+00]
[3.19745117e-09 3.03554320e-03 5.99687779e+00]
[2.69778862e-02 7.06780977e-09 5.96623644e+00]
[3.10868011e-09 1.10146633e-02 5.98784409e+00]
[3.06741059e-09 1.39629862e-02 5.98420498e+00]
[3.16289532e-09 1.58484668e-01 5.68350178e+00]
[1.37007194e-09 4.01393425e-02 5.94503548e+00]
[3.15260082e-10 5.86849368e-03 5.99380722e+00]
[4.57130248e-02 7.26074589e-09 5.93519597e+00]
[1.31850236e-10 7.26074589e-09 6.32431706e+00]
[3.13622753e-09 7.26074589e-09 6.00000011e+00]
[4.74137675e-02 6.17615649e-10 5.93209692e+00]
[6.37551324e-10 7.27776667e-09 6.00000006e+00]
[2.86832521e-02 7.07184140e-09 5.96365685e+00]
[7.01753831e-10 7.43758065e-04 5.99925110e+00]
[5.63586318e-09 2.55883593e-03 5.99737957e+00]
[1.02729258e-02 7.27776667e-09 5.98873407e+00]
[5.59098970e-09 7.06652445e-09 6.00000004e+00]
[6.47290676e-10 7.06780977e-09 6.00000011e+00]
[3.05704016e-10 8.95556251e-02 5.84351646e+00]
[7.86132163e-02 7.27795967e-09 5.86832603e+00]
[3.13622753e-09 3.58780976e-03 5.99629100e+00]
[5.59324338e-09 6.64828363e-10 6.00000002e+00]
[1.30784397e-01 7.26074589e-09 5.74583905e+00]
[3.13622753e-09 1.47162454e-02 5.98324931e+00]
[1.72877722e-10 9.63684458e-10 6.00000012e+00]
[5.59098970e-09 7.29207075e-09 6.00000004e+00]
[4.84329807e-09 5.59691679e-10 6.00000005e+00]
[5.52401813e-09 1.43404582e-03 5.99854672e+00]
