1.7009814597421704
1.7009814597421704
1.7009814597421704
1.7009814597421704
1.7009814597421704
1.7009814597421704
1.7009814597421704
1.7009814597421704
1.7009814597421704
1.7009814597421704
1.7009814597421704
1.7009814597421704
1.7009814597421704
1.7009814597421704
1.7009814597421704
1.7009814597421704
1.7009814597421704
1.7009814597421704
1.7009814597421704
1.7009814597421704
1.7009814597421704
1.7009814597421704
1.7009814597421704
1.7009814597421704
1.7009814597421704
1.7009814597421704
1.7009814597421704
1.7009814597421704
1.7009814597421704
1.7009814597421704
1.7009814597421704
1.7009814597421704
1.7009814597421704
1.7009814597421704
1.7009814597421704
1.7009814597421704
1.7009814597421704
1.7009814597421704
1.7009814597421704
1.7009814597421704
1.7009814597421704
1.7009814597421704
1.7009814597421704
1.7009814597421704
1.7009814597421704
1.7009814597421704
1.7009814597421704
1.7009814597421704
1.7009814597421704
1.7009814597421704
1.7009814597421704
1.7009814597421704
1.7009814597421704
1.7009814597421704
1.7009814597421704
0.9506238635309855
0.7710619092412063
0.7710619092412063
0.7710619092412063
0.7710619092412063
0.7710619092412063
0.7710567776495129
0.7710567776495129
0.9383163763529319
0.887832270932922
0.863306173952126
0.863306173952126
0.863306173952126
0.863306173952126
0.863306173952126
0.8632896585354516
0.8632865215566442
0.8632859891252392
0.863285739181915
0.863285654708901
0.8632856041943848
0.8632856174604215
0.8632856100768087
0.8632856048785263
0.8632856033189708
0.8632856013218121
0.8632856007668738
0.8632856005162834
0.8632856002643804
0.8632856002011168
0.8632856001954979
0.8632856001510261
0.8632856001462524
0.8632856001352921
0.8632856001352921
0.8632856001352921
0.8632856001329262
0.8632839128270711
0.8632839128270711
0.8632839128270711
0.8632839128270711
0.8632839128270711
0.8628801031163967
0.8628801031163967
0.8628801031163967
0.8628801031163967
0.8628801031163967
0.8628801031163967
0.8628801031163967
0.8628801031163967
0.8628801031163967
0.8628801031163967
0.8600177925388145
0.8600177925388145
0.8203523630879466
0.8203523630879466
0.8203523630879466
0.8203523630879466
0.8203523630879466
0.8203523630879466
0.8203523630879466
0.8203523630879466
0.8203523630879466
0.8203523630879466
0.8203523630879466
0.8203523630879466
0.8203523630879466
0.8203528390171486
0.8203528390171486
0.8203528390171486
0.8203528390171486
0.8203528390171486
0.8203528390171486
0.81501602530265
0.8149841549977431
0.8149841549977431
0.8149841549975255
0.8149841549975255
0.8149389256311037
0.8149389256311037
0.8149389256311037
0.8149389256311037
0.8149389256311037
0.814938850091892
0.8149388500917626
0.8149388500917626
0.8149388500917626
0.8149388500917626
0.8149387939849372
0.8149387939849372
0.8149387939849372
0.8149387115217219
0.8149387115217219
0.8149387115217219
0.8149386029868781
0.8149386029868781
0.8149386029868781
0.8149372746396891
0.8149372746396891
0.8149372746396891
0.8149372746396891
0.8149372746396891
0.8149372746396891
0.8149372746396891
0.8149372746396891
0.8149369203770975
0.8149369203770975
0.8149369203770975
0.8149369203770975
0.8149369203770975
0.8149369203770975
0.8149315031820725
0.8149315031820725
0.8149315031820725
0.8149315031820725
0.8149315031820725
0.8149315031820725
0.8149315031820725
0.8149315031820725
0.8149264689626039
0.8149264689625975
0.8149264689625975
0.8149264539660852
0.8149264539660852
0.8149264539660852
0.8149264539660852
0.8149264539660852
0.814925997205188
0.8149259972044939
0.8149314167174688
0.8149314167174688
0.8149314167174688
0.8149314167174688
0.8149314167174688
0.8149314167174688
0.8149314167174688
0.8149314167174688
0.8149314167174688
0.7943391808156849
0.7943391808156849
0.7943391808156849
0.7943391808156849
0.7943391808156849
0.7943391808155921
0.7943391808155921
0.7943391808155921
0.7943391808155921
0.7943391808155921
0.7943391808155921
0.7943391808155921
0.7943391808155921
0.7943391808155921
0.7943391808155921
0.7943391808155921
0.7943391808155921
0.7941780766743958
0.7941707906821125
0.7941707906819645
0.7941707906819645
0.7941707906819645
0.7941707906819645
0.794158013410538
0.794158013410538
0.794158013410538
0.794158013410538
0.794158013410538
0.794158013410538
0.794158013410538
0.794158013410538
0.794158013410538
0.794158013410538
0.794158013410538
0.794158013410538
0.753340981601222
0.753340981601222
0.753340981601222
0.7533402710850549
0.7533402710850549
0.7533402710850549
0.7533402710850549
0.7533402710850549
0.7533402710850549
0.7533402710850549
0.7533402710850549
0.7533402710850549
0.7533402710850549
0.7533402710850549
0.7533402710850549
0.7533402710850549
0.7533402710850549
0.7533402710850549
0.7533402710850549
0.7533402710850549
0.7533402710848572
0.7533402710848572
0.7533402710848572
0.7533402302536163
0.7533402302536163
0.7533402302536163
0.7533395266282281
0.7533395266282281
0.7533395266282281
0.7533395266282281
0.7533395266282281
0.7533395266282281
0.7533395266282281
0.7533395266282281
0.7533395266282281
0.7533395266282281
0.7533395266282281
0.7533395266282281
0.7533395266282281
0.7533395266282281
0.7533395266282281
0.7533381738021937
0.7533381738021937
0.7533234173710301
0.7533234173710301
0.7533234173710301
0.7533234173710301
0.7533234173710301
0.7533234173710301
0.7533234173710301
0.7533234173710301
0.7533234173710301
0.7533234173710301
0.7533234173710301
0.7533234173710301
0.7533234173710301
0.7533234173710301
0.7533234173710301
0.7533234173710301
0.7533234141264212
0.7533234141264212
0.7533234141264212
0.7533234141264212
0.7533234141264212
0.7533234141264212
0.7533234141264212
0.7533234141264212
0.7533234141264212
0.7533234141264212
0.7533234141264212
0.7533234141264212
0.7533234141264212
