ID: 20231203211105_17920

Problem: dtlz7
Number of objects: 3
Number of variables: 5

Algorithm choice: 2
Algorithm phase strategy: local + global
First phase rate: 0.5
Population size: 15
Maximum number of function evaluations: 300

IGD: 0.7533234141264212
GD: 0.012935315743761422
HV: 0.33496603213165765
Time cost: 1848.056955575943

non_dom_solutions:
[4.988931324696332e-06, 2.5273005724468778e-05, 2.8713661100188137e-07, 1.5061259294180118e-06, 9.087654841294752e-07]
[7.873439232395624e-09, 2.3371312721269054e-11, 1.9470257474281283e-09, 7.710417030970368e-09, 1.3030222984421549e-09]
[0.005560826524879627, 1.4380123244734548e-06, 4.063277458240436e-08, 1.5021865770733722e-06, 4.813655170502929e-07]
[1.1926489794231981e-08, 0.010945743579902134, 3.4276627737306665e-08, 2.1915561216523715e-08, 2.175438215727862e-09]
[2.4904762580654526e-09, 2.3371312721269054e-11, 2.0101300533259137e-09, 7.92464899186408e-09, 1.3030222984421549e-09]
[0.02763686231917828, 1.5279996459304903e-08, 2.4853725525699326e-08, 1.3845476837992864e-08, 3.8133247654031255e-09]
[1.1896855716795101e-08, 0.07470960640241994, 6.421313919010307e-09, 1.2243690915486108e-08, 8.364234529989198e-10]
[1.0296568763561372e-08, 5.982544411582051e-12, 6.451743655813396e-09, 1.2243690915486108e-08, 9.463832886253738e-11]
[0.0004620389802595613, 1.1356330995010212e-08, 6.649532464785963e-09, 9.116796194850628e-09, 1.3030222984421549e-09]
[0.0418199783616785, 1.1843059971966e-08, 2.229549395374733e-09, 7.710417030970368e-09, 3.789291369282791e-09]
[1.1848557493393746e-08, 0.06678655973908826, 4.647843993990152e-09, 4.553889526337659e-09, 9.05772988255324e-10]
[7.893958569662737e-09, 7.792627673351394e-11, 1.997794546479726e-09, 7.263662787320567e-09, 8.863174056282865e-10]
[0.001987261239509985, 7.348438952658295e-11, 6.649532464785963e-09, 7.71034831978937e-09, 9.126223695159584e-10]
[6.47255049499002e-09, 0.0416952653601673, 6.649532464785963e-09, 7.611405404507753e-09, 9.126223695159584e-10]
[0.002579795853160815, 7.410436735571367e-11, 5.536996512533605e-09, 5.6780283388666945e-09, 9.215244023064204e-10]
[2.3428843464142914e-09, 0.0006163019466294351, 6.649480833321086e-09, 7.710417030970368e-09, 4.29448973653276e-10]
[0.001778840137435665, 7.411957708984933e-11, 6.6539048145651565e-09, 8.227389515347928e-10, 9.126223695159584e-10]
[2.1754044398498755e-09, 7.382495174173391e-11, 5.027904578604856e-09, 5.759254965126498e-09, 1.2930718512583592e-09]
[0.005122508344553656, 7.585069737061262e-11, 6.728820822535677e-09, 7.572775037169085e-09, 9.126223695159584e-10]
[1.0848829722881209e-08, 0.001262364169532493, 2.3326843117437776e-09, 6.678443615970539e-09, 3.770667803667559e-09]
[7.768331204658867e-09, 0.002111934596785007, 2.1946947165821777e-09, 6.636777933504475e-09, 3.789291369282791e-09]
[0.003346381789297925, 2.3408711143280745e-11, 2.0068210495601556e-09, 7.8681302114772e-09, 9.05772988255324e-10]
[0.010147205173446151, 7.650915281367462e-11, 5.027904578604856e-09, 5.759254965126498e-09, 1.2930718512583592e-09]
[1.1848557493393746e-08, 2.210247978042297e-11, 2.3458482791933863e-09, 9.125227872136046e-09, 9.045989398274786e-10]
[7.85552093345961e-09, 0.005121120289776696, 2.1965087981344152e-09, 7.69230017086971e-09, 3.789291369282791e-09]
[7.744186593403161e-09, 0.009041571052915833, 2.229549395374733e-09, 6.67389166480444e-09, 9.13753335525951e-10]
[0.0031107819757846475, 1.1500011235740936e-08, 5.476445876442114e-09, 7.710417030970368e-09, 8.747930971169989e-10]
[2.5270258826458823e-09, 7.374042039719807e-11, 1.9982747986021184e-09, 7.882458489299864e-09, 1.3030222984421549e-09]
[1.7967480228248035e-10, 0.0026962757378317993, 5.03299536013439e-09, 1.3819332571929639e-09, 9.041599165553581e-10]
[7.714468086050427e-09, 0.01828508503854501, 1.996321248004849e-09, 6.635756893564107e-09, 3.789291369282791e-09]
[7.856579274521363e-09, 3.734826089625632e-05, 2.196259944689727e-09, 7.710417030970368e-09, 1.8387720676527532e-09]
[7.856579274521363e-09, 0.0287875719527851, 2.1964614070107326e-09, 6.635961133249778e-09, 3.9794563392324323e-10]
[7.846051380395612e-09, 0.003221780704046066, 2.2299079936777684e-09, 6.6421682477306315e-09, 4.5626495885913513e-10]
[7.729287325472218e-09, 0.005004208514946891, 1.9995108542669617e-09, 7.882458489299864e-09, 4.950689392379495e-10]
[2.5106326625311746e-09, 7.374042039719807e-11, 1.9982747986021184e-09, 7.92464899186408e-09, 1.3030222984421549e-09]
[7.874176545435132e-09, 0.023639345214370455, 1.9931752357743444e-09, 7.69503212940854e-09, 4.989563979042281e-10]
[0.021116867108773384, 1.1689518047393033e-08, 2.229549395374733e-09, 6.635756893564107e-09, 3.789291369282791e-09]
[1.4260988773909212e-09, 1.1564304196519333e-08, 1.997794546479726e-09, 7.268725722761748e-09, 0.002087082677045435]
[0.08399133084350674, 1.1500011235740936e-08, 2.252326819751797e-09, 3.736107038754105e-09, 1.8387720676527532e-09]
[7.769865217377056e-09, 2.634267772097335e-09, 1.4211232995761377e-09, 6.63710216747306e-09, 5.471276874730655e-10]
[7.769865217377056e-09, 2.6081469464701835e-09, 1.578359854753682e-09, 6.67389166480444e-09, 5.472207490518347e-10]
[7.752609798061424e-09, 2.5316782535437385e-09, 1.578359854753682e-09, 6.67389166480444e-09, 5.471491353701974e-10]
[2.028090977341494e-11, 1.1500011235740936e-08, 2.229549395374733e-09, 6.636737846292288e-09, 0.05242294289549425]
[0.04778875052105138, 0.019724368522055502, 2.229549395374733e-09, 6.761076479093045e-09, 4.832951374284442e-10]
[7.769865217377056e-09, 0.0537554590322203, 2.229549395374733e-09, 6.636737846292288e-09, 4.902357935967527e-10]
[4.264486785409868e-09, 1.1500011235740936e-08, 2.229549395374733e-09, 1.922958799386342e-09, 4.901913649699183e-10]
[6.456163736445372e-09, 0.005690555619204651, 2.229549395374733e-09, 1.7691928141923082e-09, 4.901857606751804e-10]
[0.027117629220578386, 0.009941453217278198, 2.229549395374733e-09, 6.61225223148991e-09, 4.553763972715899e-10]
[7.769865217377056e-09, 0.004711979061031874, 1.577850448770382e-09, 2.627141063521318e-09, 4.915982456387029e-10]
[7.769865217377056e-09, 1.1361251612067578e-08, 3.729534073157486e-10, 5.1290583409284884e-09, 8.236771642624327e-11]
[0.14515170397719926, 1.1500011235740936e-08, 2.229549395374733e-09, 1.8450258594652244e-09, 1.4425853175792848e-09]
[4.264486785409868e-09, 1.1500011235740936e-08, 2.229549395374733e-09, 1.922958799386342e-09, 4.901913649699183e-10]
[0.012989684556295034, 1.1687214087050171e-08, 2.229549395374733e-09, 6.636732073309231e-09, 4.861025643379907e-10]
[0.004623674202665317, 1.1687214087050171e-08, 2.2201933509061683e-09, 3.627914988938057e-09, 4.765539473389057e-10]
[2.9209312078779455e-09, 2.8522241284719917e-09, 3.729534073157486e-10, 5.2797146722443566e-09, 8.066491747080135e-11]
[7.769865217377056e-09, 0.02737272071756986, 1.4662877711751605e-09, 3.627914988938057e-09, 3.2392149921820856e-10]
[7.769851141211021e-09, 0.051153723084559906, 3.729534073157486e-10, 5.1290583409284884e-09, 6.827206444537064e-11]
[4.238204129720657e-09, 1.1500011235740936e-08, 2.229549395374733e-09, 1.9231581450648908e-09, 4.901913649699183e-10]
[7.769865217377056e-09, 0.008129187904066543, 1.577850448770382e-09, 2.624891417095598e-09, 2.3666744524266105e-11]
[7.919486749148494e-09, 1.1499947078097308e-08, 2.229549395374733e-09, 7.751241107495932e-10, 2.624442674105281e-10]
[7.769951990822746e-09, 0.05772886165711521, 1.3669449630468482e-09, 1.8450430294102e-09, 4.869836349006875e-10]
[7.769951990822746e-09, 0.004284741298347065, 2.229549395374733e-09, 1.8445017583921304e-09, 4.4188379378801934e-10]
[0.06423937728394122, 1.1500011235740936e-08, 2.229549395374733e-09, 1.922958799386342e-09, 4.901913649699183e-10]
[7.768647764655463e-09, 1.1499947078097308e-08, 2.229549395374733e-09, 1.8352634761714958e-09, 2.1126535291590027e-10]
[7.76893958168885e-09, 1.1499947078097308e-08, 2.229549395374733e-09, 1.829576607019127e-09, 6.532849925812762e-11]
[7.794950547999587e-09, 1.1510415338476751e-08, 8.037395918178452e-10, 7.751241107495932e-10, 2.3924069162798835e-10]
[7.76750120524898e-09, 0.05331741009181291, 2.242713360658181e-09, 1.922779943581646e-09, 1.284276143257862e-10]
[7.76865234513842e-09, 1.1500011235740936e-08, 2.229549395374733e-09, 1.249800567695863e-10, 1.2972048959864117e-10]
[5.4102844424327125e-09, 1.1499947954407473e-08, 2.229549395374733e-09, 8.084275325807174e-10, 2.624442674105281e-10]
[4.266185429944343e-09, 1.1499948065639368e-08, 2.229549395374733e-09, 7.785935054347584e-11, 6.56130126467519e-11]
[1.1678600718486128e-09, 1.1500011235740936e-08, 2.229549395374733e-09, 1.922779943581646e-09, 0.03931640634772441]
[7.72884199643185e-09, 0.001832438200218691, 7.824809380954731e-10, 7.748671452467546e-10, 2.6276382417766575e-10]
[7.77425638310011e-09, 1.1691137847486347e-08, 8.16963888125604e-11, 7.911443061403155e-10, 2.1130519486999917e-10]

non_dom_solutions_y:
[4.98893132e-06 2.52730057e-05 5.99999405e+00]
[7.87343923e-09 2.33713127e-11 6.00000009e+00]
[5.56082652e-03 1.43801232e-06 5.99416465e+00]
[1.19264898e-08 1.09457436e-02 5.98792760e+00]
[2.49047626e-09 2.33713127e-11 6.00000010e+00]
[2.76368623e-02 1.52799965e-08 5.96524602e+00]
[1.18968557e-08 7.47096064e-02 5.87692621e+00]
[1.02965688e-08 5.98254441e-12 6.00000016e+00]
[4.62038980e-04 1.13563310e-08 5.99953609e+00]
[4.18199784e-02 1.18430600e-08 5.94212051e+00]
[1.18485575e-08 6.67865597e-02 5.89389634e+00]
[7.89395857e-09 7.79262767e-11 6.00000008e+00]
[1.98726124e-03 7.34843895e-11 5.99797566e+00]
[6.47255049e-09 4.16952654e-02 5.94233840e+00]
[2.57979585e-03 7.41043674e-11 5.99735759e+00]
[2.34288435e-09 6.16301947e-04 5.99938025e+00]
[1.77884014e-03 7.41195771e-11 5.99819141e+00]
[2.17540444e-09 7.38249517e-11 6.00000011e+00]
[5.12250834e-03 7.58506974e-11 5.99463042e+00]
[1.08488297e-08 1.26236417e-03 5.99872272e+00]
[7.76833120e-09 2.11193460e-03 5.99784614e+00]
[3.34638179e-03 2.34087111e-11 5.99654819e+00]
[1.01472052e-02 7.65091528e-11 5.98888395e+00]
[1.18485575e-08 2.21024798e-11 6.00000010e+00]
[7.85552093e-09 5.12112029e-03 5.99463192e+00]
[7.74418659e-09 9.04157105e-03 5.99018897e+00]
[3.11078198e-03 1.15000112e-08 5.99679814e+00]
[2.52702588e-09 7.37404204e-11 6.00000010e+00]
[1.79674802e-10 2.69627574e-03 5.99723528e+00]
[7.71446809e-09 1.82850850e-02 5.97857947e+00]
[7.85657927e-09 3.73482609e-05 5.99996274e+00]
[7.85657927e-09 2.87875720e-02 5.96349743e+00]
[7.84605138e-09 3.22178070e-03 5.99668048e+00]
[7.72928733e-09 5.00420851e-03 5.99475995e+00]
[2.51063266e-09 7.37404204e-11 6.00000010e+00]
[7.87417655e-09 2.36393452e-02 5.97113746e+00]
[2.11168671e-02 1.16895180e-08 5.97470821e+00]
[1.42609888e-09 1.15643042e-08 6.01878381e+00]
[8.39913308e-02 1.15000112e-08 5.85625072e+00]
[7.76986522e-09 2.63426777e-09 6.00000007e+00]
[7.76986522e-09 2.60814695e-09 6.00000007e+00]
[7.75260980e-09 2.53167825e-09 6.00000007e+00]
[2.02809098e-11 1.15000112e-08 6.47180655e+00]
[0.04778875 0.01972437 5.90803773]
[7.76986522e-09 5.37554590e-02 5.92016052e+00]
[4.26448679e-09 1.15000112e-08 6.00000003e+00]
[6.45616374e-09 5.69055562e-03 5.99400443e+00]
[0.02711763 0.00994145 5.95515544]
[7.76986522e-09 4.71197906e-03 5.99507887e+00]
[7.76986522e-09 1.13612516e-08 6.00000003e+00]
[1.45151704e-01 1.15000112e-08 5.71267053e+00]
[4.26448679e-09 1.15000112e-08 6.00000003e+00]
[1.29896846e-02 1.16872141e-08 5.98542410e+00]
[4.62367420e-03 1.16872141e-08 5.99517495e+00]
[2.92093121e-09 2.85222413e-09 6.00000005e+00]
[7.76986522e-09 2.73727207e-02 5.96564373e+00]
[7.76985114e-09 5.11537231e-02 5.92512880e+00]
[4.23820413e-09 1.15000112e-08 6.00000003e+00]
[7.76986522e-09 8.12918790e-03 5.99124863e+00]
[7.91948675e-09 1.14999471e-08 6.00000001e+00]
[7.76995199e-09 5.77288617e-02 5.91238882e+00]
[7.76995199e-09 4.28474130e-03 5.99554231e+00]
[6.42393773e-02 1.15000112e-08 5.89920039e+00]
[7.76864776e-09 1.14999471e-08 6.00000002e+00]
[7.76893958e-09 1.14999471e-08 6.00000002e+00]
[7.79495055e-09 1.15104153e-08 6.00000000e+00]
[7.76750121e-09 5.33174101e-02 5.92100377e+00]
[7.76865235e-09 1.15000112e-08 6.00000000e+00]
[5.41028444e-09 1.14999480e-08 6.00000001e+00]
[4.26618543e-09 1.14999481e-08 6.00000001e+00]
[1.16786007e-09 1.15000112e-08 6.35384768e+00]
[7.72884200e-09 1.83243820e-03 5.99813593e+00]
[7.77425638e-09 1.16911378e-08 5.99999999e+00]
