1.421275977257582
1.421275977257582
1.421275977257582
1.421275977257582
1.421275977257582
1.421275977257582
1.421275977257582
1.421275977257582
1.421275977257582
1.421275977257582
1.421275977257582
1.421275977257582
1.421275977257582
1.421275977257582
1.421275977257582
1.421275977257582
1.421275977257582
1.421275977257582
1.421275977257582
1.421275977257582
1.421275977257582
1.421275977257582
1.421275977257582
1.421275977257582
1.421275977257582
1.421275977257582
1.421275977257582
1.421275977257582
1.421275977257582
1.421275977257582
1.421275977257582
1.421275977257582
1.421275977257582
1.421275977257582
1.421275977257582
1.421275977257582
1.421275977257582
1.421275977257582
1.421275977257582
1.421275977257582
1.421275977257582
1.421275977257582
1.421275977257582
1.421275977257582
1.421275977257582
1.421275977257582
1.421275977257582
1.421275977257582
1.421275977257582
1.421275977257582
1.421275977257582
1.421275977257582
1.421275977257582
1.421275977257582
1.421275977257582
1.421275977257582
1.421275977257582
1.421275977257582
1.421275977257582
1.421275977257582
1.421275977257582
1.0154334263640805
1.0154334263640805
1.0154334263640805
1.0154334263640805
1.0154334263640805
0.9840806831419759
0.9840806831419759
0.9840806831419759
0.9840806831419759
0.9203379462303787
0.9203379462303787
0.9203379462303787
0.9203379462303787
0.9203379462303787
0.9203379462303787
0.9203379462303787
0.9203379462303787
0.9203379462303787
0.9203379462303787
0.9203379462303787
0.9187357280848774
0.9187357280848774
0.9187357280848774
0.9187357280848774
0.9187357280848774
0.9187357280848774
0.8968862931619856
0.8968862931619856
0.8968862931619856
0.8968862931619856
0.8968862931619856
0.8968862931619856
0.8118524058712911
0.8118488167389002
0.8118488167389002
0.8118488167389002
0.7990031240657781
0.7990031240657781
0.7990031240657781
0.7990031240657781
0.7990031240657781
0.7990031240657781
0.7990031240657781
0.7911885811907845
0.7911885811907845
0.7911832692975322
0.7911832692975322
0.7911832692975322
0.7911832692975322
0.7911832692975322
0.7911832692975322
0.7911832692975322
0.7911832692975322
0.7911832692975322
0.7911832692975322
0.7911832692975322
0.7911832692975322
0.7911832692975322
0.7911832692975322
0.7911832692975322
0.7911832692975322
0.7911832692975322
0.7889138129331612
0.7889138129331612
0.7889138129331612
0.7889138129331612
0.7889138129331612
0.7889138129331612
0.7889138129331612
0.7889138129331612
0.7889138129331612
0.7889138129331612
0.7889138129331612
0.7857152449566774
0.7857152449566774
0.7857152449566774
0.7857152449566774
0.7857165920457814
0.7857165920457814
0.7857148996439981
0.7857148996439981
0.7857148996439981
0.7857148996439981
0.7857148996439981
0.7857148996439981
0.7828076983719044
0.7828076983719044
0.7828076983719044
0.7828076983719044
0.7828076983719044
0.7825594676441631
0.7825594676441631
0.7344435782755249
0.7344435782755249
0.7344435782755249
0.7344435782755249
0.7344435782755249
0.7344435782755249
0.7344435782755249
0.7344435782755249
0.7344435782755249
0.7344435782755249
0.7194047641353973
0.7192296725526721
0.7192295834637998
0.7192295834637998
0.7192295834637998
0.7192295834637998
0.7191144344935047
0.7191144344935047
0.7191141755210348
0.7191141755210348
0.7191141755210348
0.7191141755210348
0.7191141755210348
0.7191141755210348
0.7191141755210348
0.7191141755210348
0.7186619423609832
0.7186619423609832
0.7185369188192195
0.7153986552724131
0.7153986552724131
0.7153977854476785
0.7133972043797265
0.7133930518384863
0.7133930518384863
0.7133930518384863
0.7132743534888868
0.7132743534888868
0.7132743534888868
0.713245307801126
0.7115154050942551
0.7115154050942551
0.7115154050942551
0.7108480636642751
0.710432813464839
0.710432534266096
0.7104312732351967
0.7104304261965729
0.7002479933687907
0.7002461952195581
0.7002458836171407
0.7002516583086827
0.7002270229468871
0.7001867414616919
0.7001867414616919
0.7001867414616919
0.700186703477352
0.7001389340187415
0.7001389340187415
0.7001389340187415
0.7001389340187415
0.7001389340187415
0.7001389340187415
0.7001389340187415
0.700127287176628
0.700127287176628
0.700127287176628
0.700127287176628
0.700127287176628
0.7001020455944706
0.7001020455944706
0.7001020455944706
0.7001020455944706
0.7001020455944706
0.7001020455944706
0.7001020455944706
0.7001020455944706
0.7001020455944706
0.6999954508924018
0.6999954508924018
0.6999954508924018
0.6999954508924018
0.6999954508924018
0.6999761533483416
0.6999761533483416
0.6999761533483416
0.6999761533483416
0.6999761533483416
0.6999761533483416
0.6999761533483416
0.6999761533483416
0.6999761533483416
0.6999761533483416
0.6999761533483416
0.6999760540330098
0.6999760540330098
0.6999760540330098
