219.16063405627713
219.16063405627713
219.16063405627713
219.16063405627713
219.16063405627713
219.16063405627713
219.16063405627713
219.16063405627713
219.16063405627713
219.16063405627713
219.16063405627713
219.16063405627713
219.16063405627713
219.16063405627713
219.16063405627713
219.16063405627713
219.16063405627713
219.16063405627713
219.16063405627713
219.16063405627713
219.16063405627713
219.16063405627713
219.16063405627713
219.16063405627713
219.16063405627713
219.16063405627713
219.16063405627713
219.16063405627713
219.16063405627713
219.16063405627713
219.16063405627713
219.16063405627713
219.16063405627713
219.16063405627713
219.16063405627713
219.16063405627713
219.16063405627713
219.16063405627713
219.16063405627713
219.16063405627713
219.16063405627713
219.16063405627713
219.16063405627713
219.16063405627713
219.16063405627713
219.16063405627713
219.16063405627713
219.16063405627713
219.16063405627713
219.16063405627713
219.16063405627713
219.16063405627713
219.16063405627713
219.16063405627713
219.16063405627713
219.16063405627713
219.16063405627713
219.16063405627713
219.16063405627713
219.16063405627713
219.16063405627713
219.16063405627713
219.16063405627713
219.16063405627713
219.16063405627713
219.16063405627713
219.16063405627713
219.16063405627713
219.16063405627713
219.16063405627713
219.16063405627713
219.16063405627713
219.16063405627713
219.16063405627713
219.16063405627713
219.16063405627713
219.16063405627713
219.16063405627713
219.16063405627713
219.16063405627713
219.16063405627713
219.16063405627713
219.16063405627713
219.16063405627713
219.16063405627713
219.16063405627713
219.16063405627713
219.16063405627713
219.16063405627713
219.16063405627713
219.16063405627713
219.16063405627713
219.16063405627713
219.16063405627713
219.16063405627713
219.16063405627713
219.16063405627713
219.16063405627713
219.16063405627713
219.16063405627713
219.16063405627713
219.16063405627713
219.16063405627713
219.16063405627713
219.16063405627713
219.16063405627713
219.16063405627713
219.16063405627713
219.16063405627713
219.16063405627713
146.32991188340577
146.32991188340577
141.25422528782062
141.25422528782062
141.25422528782062
141.25422528782062
132.75664066505928
132.75664066505928
132.75664066505928
132.75664066505928
125.69797310180975
125.69797310180975
125.69797310180975
125.69797310180975
125.69797310180975
115.26983640653584
83.21130917203854
83.21130917203854
83.21130917203854
83.21130917203854
83.21130917203854
83.21130917203854
83.21130917203854
83.21130917203854
83.21130917203854
83.21130917203854
83.21130917203854
83.21130917203854
83.21130917203854
83.21130917203854
83.21130917203854
83.21130917203854
74.75515537664208
74.75515537664208
73.54134488296016
70.28581180428334
70.28581180428334
70.28581180428334
70.28581180428334
39.8738880218005
32.582393062293534
32.582393062293534
32.582393062293534
32.582393062293534
32.582393062293534
32.582393062293534
32.582393062293534
32.582393062293534
32.582393062293534
32.582393062293534
32.582393062293534
32.582393062293534
30.324070561314223
30.324070561314223
30.324070561314223
30.324070561314223
30.324070561314223
30.324070561314223
30.324070561314223
30.324070561314223
15.595365645563541
15.595365645563541
15.595365645563541
14.455019270085874
14.455019270085874
14.455019270085874
14.455019270085874
14.455019270085874
14.455019270085874
14.455019270085874
14.455019270085874
14.455019270085874
14.455019270085874
14.455019270085874
14.455019270085874
14.455019270085874
14.455019270085874
14.455019270085874
14.455019270085874
14.455019270085874
14.455019270085874
14.455019270085874
14.455019270085874
14.455019270085874
14.455019270085874
14.455019270085874
14.455019270085874
14.455019270085874
14.455019270085874
14.455019270085874
14.455019270085874
14.455019270085874
14.455019270085874
14.455019270085874
14.455019270085874
14.455019270085874
14.455019270085874
14.455019270085874
11.280680767163346
11.280680767163346
11.280680767163346
11.280680767163346
11.280680767163346
11.280680767163346
11.280680767163346
11.280680767163346
11.280680767163346
11.280680767163346
11.280680767163346
11.280680767163346
11.280680767163346
11.280680767163346
11.280680767163346
10.647129825725152
10.647129825725152
10.647129825725152
10.647129825725152
10.647129825725152
10.647129825725152
8.420280143778912
8.420280143778912
8.420280143778912
8.420280143778912
8.420280143778912
8.420280143778912
8.420280143778912
8.420280143778912
8.420280143778912
8.420280143778912
8.420280143778912
8.420280143778912
8.420280143778912
8.420280143778912
8.420280143778912
8.420280143778912
8.420280143778912
8.420280143778912
8.420280143778912
8.420280143778912
8.420280143778912
8.420280143778912
8.420280143778912
8.420280143778912
8.420280143778912
5.09154500117447
5.09154500117447
4.967679886183184
4.967679886183184
4.967679886183184
4.967679886183184
4.926178559900073
4.926178559900073
4.926178559900073
4.918077365848647
4.918077365848647
4.918077365848647
4.910149066149375
4.193187236403152
4.193187236403152
3.8262210183392775
3.8262210183392775
3.8262210183392775
3.8262210183392775
3.8262210183392775
3.8262210183392775
3.8262210183392775
3.8262210183392775
3.8262210183392775
3.8262210183392775
3.8170715107363264
3.8170715107363264
3.8142580229051144
3.4465454017960577
3.222486170941298
3.222486170941298
3.222486170941298
3.222486170941298
3.222486170941298
3.222486170941298
3.222486170941298
2.4050838419845597
2.4050838419845597
2.4050838419845597
2.4050838419845597
2.4050838419845597
2.4050838419845597
2.4050838419845597
2.237216655397769
2.237216655397769
2.237216655397769
2.2357375216901545
2.117219227525051
2.117219227525051
2.117219227525051
2.015881161578637
2.015881161578637
1.482788336193497
1.482788336193497
1.482788336193497
1.482788336193497
1.482788336193497
1.482788336193497
1.482788336193497
1.482788336193497
1.482788336193497
1.482788336193497
1.482788336193497
1.482788336193497
1.482788336193497
1.482788336193497
1.4124966653415432
1.4124966653415432
1.4124966653415432
1.4124966653415432
1.4124966653415432
1.314558233942515
1.2824362348418332
1.2824362348418332
1.2824362348418332
1.2824362348418332
1.2824362348418332
1.2618860176120672
1.2618860176120672
1.2618860176120672
1.2618860176120672
1.2618860176120672
1.2618860176120672
1.2618860176120672
1.2618860176120672
1.2618860176120672
1.2618860176120672
1.2618860176120672
1.2322962886109479
0.9631149949863965
0.9451167964217932
0.928283313666523
0.928283313666523
0.9279659234115005
0.8286104693039172
0.8273685321060559
0.8273685321060559
0.8273685321060559
0.8273685321060559
0.8273685321060559
0.7681889025350942
0.7681889025350942
0.7681889025350942
0.7681889025350942
0.7589302300875785
0.7589302300875785
0.7205070107416258
0.7205070107416258
0.7205070107416258
0.7205070107416258
0.6850660291118685
0.6850660291118685
0.6850660291118685
0.6835225224981335
0.6835225224981335
0.6835225224981335
0.6835225224981335
0.6835225224981335
0.6776154135082695
0.6776154135082695
0.6776154135082695
0.6776154135082695
0.6776154135082695
0.6776154135082695
0.6708430367021464
0.6695540114423639
0.6695540114423639
0.6695540114423639
0.6199990852309175
0.6199990852309175
0.6199990852309175
0.6199990852309175
0.6199990852309175
0.6199990852309175
0.6198907014940955
0.5784808977241656
0.5784808977241656
0.5784808977241656
0.5784808977241656
0.5648376723959375
0.5648376723959375
0.5648376723959375
0.5648376723959375
0.5606441708700174
0.5606441708700174
0.5606441708700174
0.5606441708700174
0.5517534927137584
0.5517534927137584
0.5517534927137584
0.5517534927137584
0.5517534927137584
0.5262085925391302
0.5246832248113584
0.5177896136755389
0.5177896136755389
0.5177896136755389
0.5177896136755389
0.5177896136755389
0.48188000152993904
0.4817638916388339
0.4817638916388339
0.4817638916388339
0.4817638916388339
0.4814124022941191
0.4814124022941191
0.4641557472137617
0.4641557472137617
0.4641557472137617
0.4623565334305777
0.4623565334305777
0.4623565334305777
0.4397633058989398
0.4368337769746899
0.4368337769746899
0.4270250914094334
0.42529838176985724
0.42529838176985724
0.42529838176985724
0.42529838176985724
0.42529838176985724
0.42529838176985724
0.4114298524717336
0.4114298524717336
0.4114298524717336
0.4114298524717336
0.4114298524717336
0.41131889527822924
0.41131889527822924
0.40603003830589024
0.40603003830589024
0.40603003830589024
0.39669645937327763
0.3902209836268573
0.3902209836268573
0.38806303470001957
0.38806303470001957
0.38806303470001957
0.38806303470001957
0.3863187677171802
0.3863187677171802
0.3863187677171802
0.3863187677171802
0.3863187677171802
0.3863187677171802
0.38451871980306007
0.38451871980306007
0.38371402388132514
0.37291734902767665
0.37291734902767665
0.36650401140287664
0.3655013839405047
0.3627658712948871
0.3627658712948871
0.3597977558666296
0.3594951471906542
0.3594951471906542
0.3594951471906542
0.3594951471906542
0.3594951471906542
0.3594951471906542
0.3594951471906542
0.3594951471906542
0.3594951471906542
0.3594951471906542
0.3582088039677348
0.3547933805795205
0.3535120467694622
0.352037853049209
0.352037853049209
0.352037853049209
0.352037853049209
0.352037853049209
0.34332176466001224
0.34296370517973973
0.34296370517973973
0.34296370517973973
0.33882244407439155
0.3370823368555418
0.33658551059224423
0.33406198531356496
0.33396421754005157
0.33388797858392455
0.33388797858392455
0.3311007656959338
0.3311007656959338
