0.5484314747596827
0.5484314747596827
0.5484314747596827
0.5484314747596827
0.5484314747596827
0.5484314747596827
0.5484314747596827
0.5484314747596827
0.5484314747596827
0.5484314747596827
0.5484314747596827
0.5484314747596827
0.5484314747596827
0.5484314747596827
0.5484314747596827
0.5484314747596827
0.5484314747596827
0.5484314747596827
0.5484314747596827
0.5484314747596827
0.5484314747596827
0.5484314747596827
0.5484314747596827
0.5484314747596827
0.5484314747596827
0.5484314747596827
0.5484314747596827
0.5484314747596827
0.5484314747596827
0.5484314747596827
0.5484314747596827
0.5484314747596827
0.5622100768110545
0.5622100768110545
0.5621750551379723
0.5491029355335393
0.5429491490282767
0.5429407371312033
0.5429407371312033
0.4814672795737383
0.481418982205838
0.481418982205838
0.481418982205838
0.4643361809282896
0.4569304899471997
0.4180040413828595
0.37524387216856575
0.36743449735890954
0.3520419463335785
0.3352156609344418
0.33520243590036614
0.3083231007863832
0.3083231007863832
0.3083231007863832
0.30590940364666586
0.3058565098646011
0.3057859320406027
0.269517670684472
0.2494679559337743
0.2459945386641972
0.24418451660148144
0.23323092302255793
0.22533022628518046
0.22532450942200094
0.22377096758203763
0.19316556737949103
0.1840126021935986
0.18248163685861965
0.18161039355420228
0.18161039355420228
0.18161039355420228
0.18023027185995685
0.18023027185995685
0.18023027185995685
0.18023027185995685
0.17954287562751933
0.17954287562751933
0.17954265815537598
0.17954265815537598
0.17891779395794474
0.17891779395794474
0.17891779395794474
0.17891779395794474
0.1783470181802725
0.1783470181802725
0.1783470181802725
0.1783470181802725
0.16215363246677983
0.16041588796818107
0.15999901632258728
0.15967143474640583
0.1473306990820211
0.1473306990820211
0.1473306990820211
0.14701838450236598
0.14701836159673773
0.14701836159673773
0.14700678880692394
0.14694647493053944
0.14694647493053944
0.14694647493053944
0.14694647493053944
0.1469249680701457
0.1469249680701457
0.1469249680701457
0.14692496110026076
0.14692496110026076
0.14692496110026076
0.14692489038732773
0.14692489038732773
0.146870291673433
0.146870291673433
0.146870291673433
0.146870291673433
0.146870291673433
0.146870291673433
0.146870291673433
0.14687028057122273
0.1467604488069197
0.1467604488069197
0.1467604488069197
0.1466670785261455
0.1466670785261455
0.14666707823988823
0.14666707823988823
0.14618436493802783
0.14183659112264063
0.14183659112264063
0.14183659112264063
0.14183659112264063
0.14183659045926494
0.14183652193002433
0.14183652183131687
0.141793945671863
0.14152568360704496
0.14152568360704496
0.1379049384863859
0.1379049384863859
0.1379049384863859
0.1379046295518512
0.13665894773102283
0.13665722408873063
0.13665722409171546
0.13665722409171546
0.13613445557190826
0.13613445557109982
0.13613445557109982
0.13609411778877167
0.13609411778877167
0.13609411778877167
0.13601088642695427
0.13601088642695427
0.13601088642695427
0.13601088642695427
0.13601120906108832
0.13601120903219124
0.13601120903219124
0.13601120903219124
0.13599842279746951
0.13599842279746951
0.13076727748007172
0.13076727748007172
0.13076727748007172
0.1307671537934226
0.1307671537934226
0.13034873640198008
0.13030642468545642
0.13030642468545642
0.13030642468545642
0.1268614638480026
0.1268614638480026
0.1268614638480026
0.12686146232126636
0.12686146232126636
0.12686146232126636
0.12686146231505988
0.12686146346724936
0.1268614634293472
0.12686146871205375
0.12686146871205375
0.12685878188435387
0.12685878188435387
0.12685878188435387
0.12685878188435387
0.12685878188435387
0.12685878188435387
0.1268587818557498
0.12683428612028877
0.12680639504799496
0.12680639504799496
0.1267977339578439
0.1267977339578439
0.1267977339578439
0.1267977339578439
0.1267977339578439
0.12345185231075598
0.12314580121974564
0.11788362177656989
0.1176251856011529
0.11759516699330075
0.11759516699330075
0.11759516699330075
0.11373824313473184
0.11341756858456334
0.11341756858456334
0.11341756858456334
0.11341756858456334
0.11341756858456334
0.09979634731987598
0.09977411955995855
0.09977411955995855
0.09977411955995855
0.09977411955995855
0.09977411955995855
0.09977411955995855
0.09976147783381745
0.09976147783381745
0.09976147783381745
0.09976136919139628
0.09976136919139628
0.0997613691854888
0.09953610438146886
0.09949645715227079
0.09949645715227079
0.09949645715227079
0.09949645715227079
0.09949645715227079
0.09935715668825153
0.09935715668825153
0.09935715668825153
0.09935715668825153
0.09935715668825153
0.09935715668825153
0.09935715668825153
0.09935715668825153
0.09935715668825153
0.09935715668825153
0.09935715668825153
0.09935715668825153
0.09935715668825153
0.09935715668825153
0.09935715668825153
0.09935715668825153
0.09935715668825153
0.09934659819805251
0.09934659819805251
0.09934659819805251
0.09934659819805251
0.09934659819805251
0.09934659819805251
0.09934659819805251
0.09934659819805251
0.09934659819805251
0.09934659819805251
0.09934659819805251
0.09934659819805251
0.09934659819805251
0.09934659819805251
0.09934659819781108
0.09892895020880096
0.09892895020880096
0.09892895020880096
0.09892895020880096
0.09878245478693838
0.09878245478693838
0.09878245478693838
0.09878245478693838
0.0985185398246699
0.09845444469942562
0.09837381360975558
0.09832378372048052
0.09829158994217266
0.09829158994217266
0.09828243316430656
0.09828243316430656
0.09828243316430656
0.09791270538301
0.09790986187481378
0.09790986187481378
0.09790986187481378
0.09790986187481378
0.09790986187481378
0.09790986187481378
0.09790986187481378
0.09790986187481378
0.09781870169689005
0.09781472524191172
0.09781472524191172
0.09781472524184137
0.09781472524184137
0.09781472524184137
0.09781472524184137
0.09781472524184137
0.09781472524184137
0.09781472524184137
0.09781472524184137
0.09781472524184137
0.09781472524184137
0.09781472524184137
0.09589047168654571
