0.5141019622851952
0.5141019622851952
0.5141019622851952
0.5141019622851952
0.5141019622851952
0.5141019622851952
0.5141019622851952
0.5141019622851952
0.5141019622851952
0.5141019622851952
0.5141019622851952
0.5141019622851952
0.5141019622851952
0.5141019622851952
0.5141019622851952
0.5141019622851952
0.5141019622851952
0.5141019622851952
0.5141019622851952
0.5141019622851952
0.5141019622851952
0.5141019622851952
0.5141019622851952
0.5141019622851952
0.5141019622851952
0.5141019622851952
0.5141019622851952
0.5141019622851952
0.5141019622851952
0.5141019622851952
0.5141019622851952
0.5141019622851952
0.372863628940751
0.3526010397492718
0.3526010397492718
0.3294607491743401
0.32137978070531337
0.3129930929884603
0.3122752477465038
0.31226524720220844
0.29095393859506735
0.29095393859506735
0.28406917710858937
0.28162377776233133
0.28162377776233133
0.28162377776233133
0.28162377776233133
0.27770450059333984
0.2774392995669762
0.2774392995669762
0.2774392995669762
0.2713737545564832
0.2711952293786354
0.2669275129648643
0.2669275129648643
0.2631814044354966
0.2587127365150034
0.25762739947263275
0.2575593701272555
0.256953156205455
0.2569531142990108
0.25448242073325694
0.25331897058620695
0.23129717106729955
0.2270720014722684
0.2270720014722684
0.22706890824692688
0.22706890824692688
0.22384394122059226
0.22320828447317317
0.22320828447317317
0.2219921684412
0.20959867174851085
0.20957292769805683
0.20649227731051834
0.20649225497341428
0.20591855939334322
0.2059187535378338
0.2059187535378338
0.20542820475107051
0.20542820475107051
0.20542820475107051
0.20529779842768173
0.20529779842768173
0.20529779842768173
0.2051886541018561
0.2047938498698407
0.2037376363183611
0.2037369431113427
0.19994275967152142
0.19994268311267968
0.19992291606285223
0.19992291606285223
0.19992291606285223
0.19992291606285223
0.1990038532957166
0.1990045304377148
0.1990045304377148
0.1990045304377148
0.1990045304377148
0.19893427441267256
0.1989342047694113
0.1989342047694113
0.19302925229153253
0.17628687237852872
0.17397339131636086
0.16710411083551008
0.16710410711098217
0.16590504341331164
0.1647032779240498
0.15364357069464762
0.1420328028325929
0.1374937101066646
0.1343818941230984
0.1343818941230984
0.1334400898751842
0.1334400898751842
0.13303037265458106
0.13292912154083153
0.13292912404475438
0.13292906457238385
0.13283428178912446
0.13283428178912446
0.13283428178912446
0.13283428178912446
0.13283428178912446
0.13283428178912446
0.13215636732626893
0.13215636732626893
0.12659216771927725
0.12659216771927725
0.1260099954306409
0.1260099954306409
0.1260099954306409
0.12600999503888574
0.12600999503888574
0.12595269109654775
0.12493173786101712
0.12493173786101712
0.12493173786101712
0.12493173786101712
0.12493173786101712
0.12493173786101712
0.12493173786101712
0.12469188364615036
0.12469188364615036
0.12467691595853457
0.12454580364806786
0.12454580098667531
0.12451618294012141
0.12450482022496642
0.12400966741791412
0.12400966741791412
0.12367790400822892
0.1236335533911618
0.12363355297999162
0.12358244169525753
0.12358244169525753
0.12358244169525753
0.1235409544074717
0.1235409544074717
0.12354095429563396
0.12318703450455373
0.12318703450455373
0.12282785617193664
0.12282785617193664
0.12282785617193664
0.12282117044133477
0.1227710008391733
0.12213359850327005
0.12213359850327005
0.12193855920796842
0.12193855915781103
0.12193838720625927
0.12191313297252432
0.12191313297252432
0.1218866200817168
0.1218866200817168
0.11934557646225126
0.11934557646225126
0.11934557646225126
0.11934557646225126
0.11906607416628676
0.11904746715913911
0.11825319983548609
0.11825319983548609
0.11825319983548609
0.11825319983548609
0.11825319983548609
0.11825319979829883
0.11825319979829883
0.11825319979829883
0.11817240618050714
0.11817240618050714
0.11817240618050714
0.11817240618050714
0.11724406262745887
0.11724406262745887
0.11166713649523284
0.11166713649523284
0.11139356382650431
0.11139356382650431
0.11138861100714133
0.11136439668136325
0.11136439668136325
0.11085083443624673
0.11085083442801887
0.11081643477889792
0.11009073825384118
0.11009073825384118
0.11002872681198758
0.11002872681198758
0.11002872681198758
0.11002872681198758
0.11002872681198758
0.11002872681198758
0.11002872681198758
0.10988838879797785
0.10988838879797785
0.10988838879797785
0.10988838879797785
0.10988838879678896
0.10988838879678896
0.10988838879678896
0.10988838879678896
0.10988838879678896
0.10980563116831896
0.10980563116831896
0.10979968730167776
0.10979968730167776
0.10979968730167776
0.10979968730167776
0.10979968730167776
0.10979968730167776
0.10979968730167776
0.10979968730167776
0.10979968730167776
0.10969125686246237
0.10969125686246237
0.10954269678716214
0.10954269678645309
0.10936009917232105
0.10936009917232105
0.10936009917232105
0.10929076545208516
0.10929076545208516
0.10927049566075431
0.10926701893395761
0.10926701893395761
0.10926701893395761
0.10926701893395734
0.10926701893395734
0.10926701893395734
0.10926701893395734
0.10926701893395734
0.10921511819436167
0.10921511819436167
0.10921511819436167
0.10921511819436167
0.10921511819436167
0.10921511819436167
0.10921511819436167
0.10921511819436167
0.10921511819436167
0.10921511819436167
0.10921511819436167
0.10921511819436167
0.10921511819432023
0.10921511819432023
0.10921511819432023
0.10921511819432023
0.10921511819432023
0.10921511819432023
0.10921511819432023
0.10921511819432023
0.10921511819432023
0.10921511819432023
0.10921196680258397
0.10921196680089977
0.10919470631897114
0.10911246629183427
0.10911246629183427
0.10789615025192625
0.10789615025192625
0.10742377948120749
0.1074220731272275
0.1074220731272275
0.1074220731272275
0.1074220731272275
0.1074220731272275
0.1074220731272275
0.1074220731272275
0.1074220731272275
0.1074220731272275
0.1074220731272275
0.10742178470736674
0.10742178470736674
0.10742178470736674
0.10742178470736674
0.10742178470736674
