ID: 20231201022739_17420

Problem: dtlz7
Number of objects: 3
Number of variables: 3
Algorithm choice: 0
Maximum number of function evaluations: 300

IGD: 0.10742178470736674
GD: 0.018804584961486313
HV: 0.9398027454515513
Time cost: 1378.8439638614655

non_dom_solutions:
[0.02730636778900332, 0.031141000106394756, 0.0005049465005166343]
[0.7358422652530793, 0.9660009837469221, 0.0035017865506211943]
[0.5084819380910296, 0.7073402445364266, 0.0005049465005166343]
[0.7864043330104602, 0.8848876011449109, 3.0309951460668266e-05]
[0.7777502960459263, 0.8988381866701839, 6.506335205974656e-05]
[0.6196736531089005, 0.7410849578842308, 9.95939412730347e-06]
[0.8883028304679073, 0.7076415457550307, 0.01145768118261074]
[0.8909505435118111, 0.7037815939325828, 6.821950851413238e-05]
[0.010943963337469609, 0.004861748192447779, 6.646470358461978e-05]
[0.8909505435118111, 0.6483581158745854, 6.821950851413238e-05]
[0.360704652042673, 0.7855984505145186, 0.0005049465005166343]
[0.04176341595584199, 0.8735396346588059, 6.821950851413238e-05]
[0.6922411058910327, 0.6960572186469138, 6.821950851413238e-05]
[0.7821710051614807, 0.7036997372523432, 0.02155654325286339]
[0.8790191019195414, 0.7664397339165282, 0.00022209937242451128]
[0.10753509195038757, 0.7661015089118682, 6.622386390305897e-05]
[0.7491653228385196, 0.7037815939325828, 6.821950851413238e-05]
[0.8869323621206486, 0.7660371292956497, 6.0862608505629634e-05]
[0.07264279636963711, 0.8389836427173538, 0.00050697585705024]
[0.0006605859974165851, 5.047090486215433e-05, 4.549581220958908e-06]
[0.8909505435118111, 0.83482523180683, 6.821950851413238e-05]
[0.8790217505117442, 0.7585574203845596, 6.821950851413238e-05]
[0.7119231421347814, 0.5887293212486391, 3.73447542519695e-05]
[0.8589698891311908, 0.2720237932510896, 6.821950851413238e-05]
[0.737816466106967, 0.7449174428022849, 1.7639962977576964e-05]
[0.7932991785757104, 0.26397085368007733, 6.821950851413238e-05]
[0.7878885022076965, 0.2593879728490688, 6.77308821463483e-05]
[0.7604310993996265, 0.7585574203845596, 0.00048009290041775685]
[0.7127455183002193, 0.23875804679354495, 2.653635194870181e-05]
[0.7306667100078323, 0.00033594102634340595, 6.821950851413238e-05]
[0.7882959224578928, 2.0280749472412207e-05, 3.376264395594207e-06]
[0.8601963357913769, 0.10324971551216683, 9.14578593208537e-06]
[0.7719393437303931, 0.8024677920834037, 6.822474894331393e-05]
[0.7932991785757104, 0.8142799022402966, 6.821950851413238e-05]
[0.82983189369642, 0.873464733177765, 9.59271658908326e-06]
[0.15740690060400275, 0.8219372080053042, 1.4188005978681573e-08]
[0.7812333602541325, 0.8507839997691868, 6.917690984082316e-05]
[0.854913794924873, 0.21548715765172138, 6.821950851413238e-05]
[0.1543671143503012, 0.7296607652446527, 9.327237116622553e-06]
[0.17379316812454115, 0.8083681264770752, 5.923458373284873e-05]
[0.7647789955968118, 0.873478107996418, 6.822474894331393e-05]
[0.7456579595079896, 0.21548715765172138, 4.066245206793994e-05]
[0.1016144599625729, 0.8219372080053042, 5.919622539217172e-05]
[0.8803270958221718, 0.7708009638658423, 1.0188664615971383e-05]
[0.7801309615052556, 0.7866356759862667, 5.917534242286836e-05]
[1.2096674822034692e-06, 4.832590844550122e-06, 1.100048976137788e-07]
[0.8914784439968256, 0.7518532352472508, 9.14578593208537e-06]
[0.16011023311194372, 0.7687877619606095, 0.0017012631949266807]
[0.18018367035596317, 0.7418685511317711, 1.420561426492471e-05]
[0.8601935725044457, 0.8534968264893448, 7.196508125025661e-06]
[0.16432986818725065, 0.8211956809080727, 4.549581220958908e-06]
[0.868092370499926, 0.20385479833753606, 4.015873891031555e-07]
[0.7254175643087528, 0.6531922151830811, 8.722789801874752e-06]
[0.2674441725987136, 0.7231157995508769, 7.194647108543544e-07]
[0.8532069747011092, 0.8605799521763979, 8.722789801874752e-06]
[0.868092370499926, 0.1963900093020957, 2.0724034049613458e-07]
[0.22699924500230512, 0.853123950061763, 8.285000015822649e-07]
[0.8206960266767546, 0.7700856264991779, 8.392488193906941e-06]
[0.854913794924873, 0.8600994637943127, 9.080960802053448e-06]
[0.16310366964693818, 0.7388859842139748, 4.447732743470232e-06]
[0.6914728828147496, 0.00017626568202415427, 1.1013203156459824e-07]
[0.7262050877561947, 0.011903872675290916, 1.2048929896844483e-07]
[0.8051807453515203, 0.779188181550023, 1.1930635576966764e-08]
[0.7452789922185492, 0.03752516255749705, 9.14578593208537e-06]
[0.013571446097734441, 0.917762512349401, 9.200331811302054e-06]
[0.7795621824108862, 0.007628977639099088, 1.5463463148502363e-07]
[0.6944039837749431, 0.7276938205248542, 6.618603465259175e-06]
[1.7643454610641987e-07, 0.7186982247613326, 5.2051159694053994e-08]
[1.7643454610641987e-07, 0.7308399185965536, 1.9817670638079304e-07]
[0.8630977536761433, 0.8534248203092711, 9.14578593208537e-06]
[0.8834197447306017, 0.18643470272535595, 3.1378245383487384e-09]
[0.8045848342696204, 0.7736270847996685, 3.252174050746992e-08]
[0.11636789138641662, 0.7337234550154764, 1.4188005978681573e-08]
[0.6878795554195817, 0.6983490225170784, 5.7409381856952754e-06]
[0.01703526299595326, 0.7699213709104419, 6.691299783595664e-06]
[0.8161156415294459, 0.8628938367807758, 8.285000015822649e-07]
[0.8454126973518572, 0.20701046977211363, 5.543643411508314e-09]
[0.007901572880089025, 0.7536353678229278, 8.285000015822649e-07]
[7.033585048066538e-10, 0.7625334724577947, 4.129266906703621e-09]
[0.18390519069208744, 0.8591418329781915, 8.939976506537426e-07]
[0.8622221167507422, 0.8077049258719731, 6.618603465259175e-06]
[0.23362097548988187, 0.7262772537258434, 8.050071840635996e-07]
[0.18390519069208744, 0.7287088219115216, 8.939976506537426e-07]
[0.7786700486711534, 0.7841383423720587, 4.835149689195836e-07]
[0.926671913833291, 2.798191840242391e-10, 1.2460821003804714e-10]
[0.8142302164441948, 0.7933646504514873, 6.618603465259175e-06]
[0.876857502735324, 0.19495163619541206, 3.1378245383487384e-09]
[0.8736878387844776, 0.20023783015212376, 1.3270227955593238e-09]
[6.99029945383767e-11, 6.608182288096552e-11, 3.125958378434802e-09]
[0.8103175831385172, 0.7797324909928134, 4.2409364937050424e-10]
[6.99029945383767e-11, 2.798191840242391e-10, 1.1381934257969414e-09]
[0.19710136175953416, 0.7303561955020405, 3.1439550067896602e-09]
[0.876857502735324, 0.14252271843104636, 4.015873891031555e-07]
[0.7683685093735567, 0.13532602341486544, 7.982205563861205e-10]
[0.7189022238993557, 0.20477169680188165, 9.814385467945156e-09]
[0.8630448653163993, 0.20477169680188165, 9.814385467945156e-09]
[0.7413950710614668, 0.33583247599444055, 9.814385467945156e-09]
[0.2126200843510258, 0.8874766341024817, 4.112379936551017e-07]
[0.19710136175953416, 0.877627758400966, 5.612723380884435e-09]

non_dom_solutions_y:
[0.02730637 0.031141   5.9392269 ]
[0.73584227 0.96600098 3.64196444]
[0.50848194 0.70734024 5.04011033]
[0.78640433 0.8848876  2.83632511]
[0.7777503  0.89883819 2.91880074]
[0.61967365 0.74108496 4.42687837]
[0.88830283 0.70764155 3.6751443 ]
[0.89095054 0.70378159 3.40313206]
[1.09439633e-02 4.86174819e-03 5.98463934e+00]
[0.89095054 0.64835812 3.81107088]
[0.36070465 0.78559845 4.2519251 ]
[0.04176342 0.87353963 4.2589517 ]
[0.69224111 0.69605722 4.25795005]
[0.78217101 0.70369974 4.16251342]
[0.8790191  0.76643973 2.94265378]
[0.10753509 0.76610151 4.41950618]
[0.74916532 0.70378159 3.78214585]
[0.88693236 0.76603713 2.95546682]
[0.0726428  0.83898364 4.2183286 ]
[6.60585997e-04 5.04709049e-05 5.99940765e+00]
[0.89095054 0.83482523 2.67853861]
[0.87902175 0.75855742 2.98763252]
[0.71192314 0.58872932 4.80041602]
[0.85896989 0.27202379 3.88824863]
[0.73781647 0.74491744 3.55832859]
[0.79329918 0.26397085 4.04654157]
[0.7878885  0.25938797 4.0713435 ]
[0.7604311  0.75855742 3.32823644]
[0.71274552 0.23875805 4.5635831 ]
[7.30666710e-01 3.35941026e-04 4.85635343e+00]
[7.88295922e-01 2.02807495e-05 4.49343389e+00]
[0.86019634 0.10324972 4.1186764 ]
[0.77193934 0.80246779 3.0124025 ]
[0.79329918 0.8142799  2.85557984]
[0.82983189 0.87346473 2.65585415]
[0.1574069  0.82193721 4.04664761]
[0.78123336 0.850784   2.84161878]
[0.85491379 0.21548716 3.9010732 ]
[0.15436711 0.72966077 4.55469423]
[0.17379317 0.80836813 4.05994204]
[0.764779   0.87347811 2.94126081]
[0.74565796 0.21548716 4.3416292 ]
[0.10161446 0.82193721 4.17773873]
[0.8803271  0.77080096 2.91299565]
[0.78013096 0.78663568 3.03906238]
[1.20966748e-06 4.83259084e-06 5.99999693e+00]
[0.89147844 0.75185324 3.05513506]
[0.16011023 0.76878776 4.32636046]
[0.18018367 0.74186855 4.41673025]
[0.86019357 0.85349683 2.61559493]
[0.16432987 0.82119568 4.03447888]
[0.86809237 0.2038548  3.91467635]
[0.72541756 0.65319222 4.32289341]
[0.26744417 0.7231158  4.48703038]
[0.85320697 0.86057995 2.61580345]
[0.86809237 0.19639001 3.92486295]
[0.22699925 0.85312395 3.89029295]
[0.82069603 0.77008563 2.95729115]
[0.85491379 0.86009946 2.61506328]
[0.16310367 0.73888598 4.47013842]
[6.91472883e-01 1.76265682e-04 5.14816065e+00]
[0.72620509 0.01190387 4.87411251]
[0.80518075 0.77918818 2.95871176]
[0.74527899 0.03752516 4.70141655]
[0.01357145 0.91776251 4.42496417]
[0.77956218 0.00762898 4.53068489]
[0.69440398 0.72769382 4.00276429]
[1.76434546e-07 7.18698225e-01 4.94282034e+00]
[1.76434546e-07 7.30839919e-01 4.85360025e+00]
[0.86309775 0.85342482 2.61619432]
[0.88341974 0.1864347  3.9601314 ]
[0.80458483 0.77362708 2.99221727]
[0.11636789 0.73372346 4.61292222]
[0.68787956 0.69834902 4.27187376]
[0.01703526 0.76992137 4.57403456]
[0.81611564 0.86289384 2.6859973 ]
[0.8454127  0.20701047 3.91541143]
[0.00790157 0.75363537 4.68705466]
[7.03358505e-10 7.62533472e-01 4.63848729e+00]
[0.18390519 0.85914183 3.94164263]
[0.86222212 0.80770493 2.71553389]
[0.23362098 0.72627725 4.46458751]
[0.18390519 0.72870882 4.50369614]
[0.77867005 0.78413834 3.05825325]
[9.26671914e-01 2.79819184e-10 4.48268049e+00]
[0.81423022 0.79336465 2.85377682]
[0.8768575  0.19495164 3.93601309]
[0.87368784 0.20023783 3.92452077]
[6.99029945e-11 6.60818229e-11 6.00000008e+00]
[0.81031758 0.77973249 2.93628633]
[6.99029945e-11 2.79819184e-10 6.00000003e+00]
[0.19710136 0.7303562  4.47094757]
[0.8768575  0.14252272 4.03766951]
[0.76836851 0.13532602 4.33805325]
[0.71890222 0.2047717  4.54482116]
[0.86304487 0.2047717  3.91104785]
[0.74139507 0.33583248 4.45062921]
[0.21262008 0.88747663 3.93251048]
[0.19710136 0.87762776 3.93396595]
