0.6307764379712861
0.6307764379712861
0.6307764379712861
0.6307764379712861
0.6307764379712861
0.6307764379712861
0.6307764379712861
0.6307764379712861
0.6307764379712861
0.6307764379712861
0.6307764379712861
0.6307764379712861
0.6307764379712861
0.6307764379712861
0.6307764379712861
0.6307764379712861
0.6307764379712861
0.6307764379712861
0.6307764379712861
0.6307764379712861
0.6307764379712861
0.6307764379712861
0.6307764379712861
0.6307764379712861
0.6307764379712861
0.6307764379712861
0.6307764379712861
0.6307764379712861
0.6307764379712861
0.6307764379712861
0.6307764379712861
0.6307764379712861
0.47860084802392455
0.47860084802392455
0.47860084802392455
0.47860084802392455
0.46151800469904036
0.46151800469904036
0.46151800469904036
0.46151800469904036
0.46151800469904036
0.452750332208674
0.452750332208674
0.452750332208674
0.4479115392391859
0.4479115392391859
0.4479115392391859
0.4479115392391859
0.4479115392391859
0.4479115392391859
0.4479115392391859
0.4479115392391859
0.4479115392391859
0.4479115392391859
0.4399592082017054
0.4371723770614465
0.43615982854437024
0.4303622201731481
0.4303622201731481
0.4276847550259223
0.42768465358036817
0.4277695294869475
0.4277695164639968
0.42776951596914736
0.4277695146644899
0.4277695146323448
0.4277695145603981
0.4277695145578095
0.42776951455767126
0.42776951455767126
0.42776951455767126
0.42776951455767126
0.4269903900103854
0.3923009035116066
0.3923009035116066
0.3921587566505203
0.3840545448287926
0.38119228438780645
0.3811922843874301
0.3811922843874301
0.37833919402932875
0.3771395121500538
0.3731501028170313
0.3731501028170313
0.3636463226832711
0.3552625551791714
0.3437090278654999
0.3437090278654999
0.34368951932686354
0.3253302272764026
0.3253268276246349
0.3253268276246349
0.32104718164774143
0.3210364089439466
0.32046411497784794
0.3204635944974767
0.3204635944974767
0.3204635944974767
0.320457877925095
0.320457877925095
0.31261147023396063
0.3094049928354638
0.3094012372731812
0.30940123199829705
0.3093992923876987
0.309399292307454
0.30939623057562865
0.30939623057562865
0.30939622254556176
0.30931530621961384
0.30931530621961384
0.30668972570282493
0.30668971436856296
0.30668971436856296
0.30668971436856296
0.30668971436856296
0.3056191372339827
0.3056191372339827
0.3048585691037078
0.30485839769492806
0.3048583976949251
0.3048530012002202
0.3042968209233807
0.30428335343264556
0.3039035322804777
0.345057379548506
0.34505405366145575
0.3450437042996948
0.34504368764469606
0.34504334765690653
0.3450393960105996
0.34503869606080767
0.34501159530743875
0.34501159530743875
0.34501159530743875
0.34501159530743875
0.34501159530743875
0.3450115904328113
0.34501151257552604
0.34501151236814426
0.3450113644842523
0.3450113644842523
0.3450113644842523
0.3450113644842523
0.34370575310759116
0.34368496881521576
0.34359632807965423
0.34359632807965423
0.34359624697771046
0.3435941123332547
0.34359409790157286
0.34359409642669597
0.34359409642669597
0.34291615591828345
0.34258928164468655
0.3424420997623148
0.3423259366861794
0.34231011271791884
0.34231011271791884
0.3422212747407073
0.3422045338702669
0.34220241446618294
0.3421989886262626
0.342194899666711
0.3421948537587329
0.3421940690768718
0.34219310706423717
0.34218906925999454
0.34218759954423267
0.34218753635029553
0.34218753635029553
0.34218753635029553
0.3421872296580751
0.3421832719967882
0.3421832719967882
0.3421832719967882
0.3421832719967882
0.3421832719967882
0.3421832719967882
0.3421832719967882
0.3421832719967882
0.3421832719967882
0.3421832719967882
0.3421832719967882
0.3421832719967882
0.3421832719967882
0.3421832719967882
0.3421832719967882
0.3421832719967882
0.3421832719967882
0.3421832719967882
0.3421832719967882
0.3421832719967882
0.3421832719967882
0.3421832719967882
0.3421832719967882
0.3421832719967882
0.3421832719967882
0.3421832719967882
0.3421832719967882
0.3421832719967882
0.3421832719967882
0.3421832719967882
0.3421832719967882
0.3421832719967882
0.34218326556197276
0.34218326556197276
0.3421832576415329
0.3421832576415329
0.3421832576415329
0.3421832576415329
0.3421832576415329
0.3421832576415329
0.3421832576415329
0.3421832576415329
0.3421832576415329
0.3421832576415329
0.3421832576415329
0.3421832576415329
0.3421832576415329
0.3421832576415329
0.3421832576415329
0.3421832576415329
0.3421832576415329
0.3421832576415329
0.3421832576415329
0.3421832576415329
0.3421832576415329
0.3421832576415329
0.3421832576415329
0.3421832576415329
0.3421832576415329
0.3421832576415329
0.3421832576415329
0.3421832576415329
0.3421832576415329
0.3421832576415329
0.3421832576415329
0.3421832576415329
0.3421832576415329
0.3421832576415329
0.3421832576415329
0.3421832576415329
0.34218325594504545
0.34218325594504545
0.34218325594504545
0.34218325594504545
0.34218325594504545
0.34218325594504545
0.34218325594504545
0.34218325594504545
0.342183255627242
0.342183255627242
0.342183255627242
0.342183255627242
0.342183255627242
0.342183255627242
0.342183255627242
0.34218325556217816
0.34218325556217816
0.34218325556217816
0.34218325556217816
0.34218325556217816
0.34218325556217816
0.34218325556217816
0.34218325556217816
0.34218325556217816
0.34218325556217816
0.34218325556217816
0.34218325556217816
0.34218325556217816
0.34218325556217816
0.34218325556217816
0.34218325556217816
0.34218325556217816
0.34218325556217816
0.34218325556217816
0.34218325556217816
0.34218325556217816
0.34218325556217816
0.34218325556217816
0.34218325556217816
0.34218325556065304
0.34218325556065304
0.34218325556065304
0.34218325556065304
0.34218321084084463
0.34218321084084463
0.34218321084084463
0.34218321084084463
0.34218321084084463
0.34218321084084463
0.34218321084084463
0.34218321084084463
0.34218321084084463
0.34609732303719104
0.34290918365131307
0.34283637455243016
0.330155959392978
0.33011239284639554
