ID: 20231203141820_20746

Problem: dtlz7
Number of objects: 3
Number of variables: 3

Algorithm choice: 2
Algorithm phase strategy: global + local
First phase rate: 0.0
Population size: 15
Maximum number of function evaluations: 300

IGD: 0.33011239284639554
GD: 0.005519509241465256
HV: 0.7806306314987395
Time cost: 910.6899292469025

non_dom_solutions:
[0.6875982916392367, 0.6751000126680572, 0.03430100975194664]
[7.445221448527939e-06, 0.00011885498913400544, 1.7086328372301063e-06]
[1.4035312291249284e-09, 8.76222040435107e-09, 2.8504365070413295e-09]
[1.4440094967049028e-09, 9.886006541075303e-09, 2.607808700306655e-09]
[1.4673692211403413e-08, 9.886006541075303e-09, 2.607808700306655e-09]
[1.4673692211403413e-08, 9.886006541075303e-09, 2.607808700306655e-09]
[1.4440094967049028e-09, 8.069724713273747e-08, 2.607808700306655e-09]
[1.4440094967049028e-09, 2.6993478874169946e-07, 5.915911740383062e-10]
[1.4438706220608073e-09, 0.02885639386413964, 2.2421312120167935e-09]
[1.4800646987125355e-08, 2.267169868412693e-09, 7.068531961872604e-10]
[0.27262813152233734, 0.740520316711291, 2.0321717825113788e-09]
[0.30900271233874754, 0.7527597797845915, 2.0321717825113788e-09]
[0.09073908413877194, 0.6813152468546255, 2.8727024675471273e-09]
[1.4673692211403413e-08, 0.0023738103949368927, 2.025481902900714e-09]
[0.19039249480853632, 0.7069509152161952, 2.6162149489555128e-09]
[0.27262813152233734, 0.7375897102297608, 1.7026067405881045e-09]
[0.2083788658715543, 0.6932670210439615, 3.6422184784438674e-10]
[0.272830530724741, 0.7373051001155873, 1.7026067405881045e-09]
[0.272830530724741, 0.7373051001155873, 1.7026067405881045e-09]
[1.4050412383458548e-09, 3.86941644746117e-08, 2.850039088089665e-09]
[1.4673692211403413e-08, 0.006519981322378416, 2.610019725680857e-09]
[0.27262813152233734, 0.7375897102297608, 1.7026067405881045e-09]
[0.18140853007272878, 0.8454064466631935, 1.979956320826652e-09]
[0.13059160981480228, 0.8454064466631935, 1.9785367679870832e-09]
[1.2087596917741576e-09, 0.010100323646834775, 8.702464249470328e-10]
[1.4800646987125355e-08, 0.0012457190158885467, 1.7311414899650509e-09]
[1.4439186027392914e-09, 0.012705438905116162, 2.8504365070413295e-09]
[1.4591560616779056e-08, 0.0011852131974910388, 1.7311414899650509e-09]
[1.4050412383458548e-09, 0.022217947220235533, 1.673905392622809e-09]
[1.4800646987125355e-08, 0.009052873164313966, 7.068531961872604e-10]
[0.2602209982700304, 0.7141170769590726, 1.4582579771429587e-09]
[1.054438808176239e-05, 0.8471714158851371, 2.850039088089665e-09]
[1.4800646987125355e-08, 0.011323064474697858, 7.029139339313123e-10]
[1.4050412383458548e-09, 3.86941644746117e-08, 2.850039088089665e-09]
[1.4433908643208011e-09, 3.876445140709969e-08, 1.7813402662392169e-09]
[1.4050412383458548e-09, 0.8049213077727128, 2.850039088089665e-09]
[1.4050412383458548e-09, 0.7690972472731875, 1.8186060380091991e-09]
[1.4433908643208011e-09, 0.004664384580907177, 1.978906879583299e-09]
[1.4800646987125355e-08, 2.091339740177616e-09, 7.068531961872604e-10]
[0.0014842674767729103, 0.0011806239122466033, 1.9785367679870832e-09]
[0.013674015737829559, 0.7412213457955438, 6.701543533850659e-10]
[0.2648070825725459, 0.7236213080511564, 6.092464395319494e-10]
[0.23012153977081817, 0.8517876173456858, 2.0321717825113788e-09]
[0.1510807402122216, 0.8253566202418021, 1.977948475344014e-09]
[0.1303169051641404, 0.8456582614038618, 9.563105857678846e-10]
[0.13132331447970583, 0.851772666919458, 5.137920084307592e-10]
[0.13132331447970583, 0.8516876611712111, 5.137920084307592e-10]
[0.13059160981480228, 0.8484470465731873, 4.867477971911729e-10]
[0.13176110001539854, 0.8454287627064361, 2.1065735270346267e-10]
[0.13207590089381283, 0.8405288081340677, 2.492069963556664e-09]
[0.132134449729367, 0.8516876611712111, 7.364765428424581e-10]
[0.13133365704325126, 0.8484470465731873, 3.303816920155472e-10]
[0.13133365704325126, 0.8484882253178818, 3.303816920155472e-10]
[0.13134877344104487, 0.8485229041559597, 7.680970561052867e-10]
[0.1329518120948171, 0.8517896529270791, 7.843845326076872e-10]
[0.1331388467556984, 0.8517896529270791, 7.681062038564403e-10]
[0.1331388467556984, 0.8517714561156887, 7.149392346759367e-12]
[0.1332186530455162, 0.8517716378331951, 6.795676707562674e-13]
[0.13312790718928857, 0.8516896369030036, 7.894143611828801e-10]
[0.13312790718928857, 0.8516876611712111, 6.444603419370832e-12]
[0.09355815301639683, 0.7906666447537618, 6.444603419370832e-12]
[0.1454385167695208, 0.8454373159077371, 7.041367007725741e-12]
[0.013588934943389253, 0.7590667728931664, 7.0637622234447985e-12]
[1.4800646987125355e-08, 2.2613767746007324e-09, 7.068531961872604e-10]
[0.1323778590872834, 0.8411989394102574, 7.040318857953758e-10]
[0.1412211272980803, 0.8411989394102574, 7.040318857953758e-10]
[0.1412383732725982, 0.8413207879821041, 4.006646343611045e-10]
[0.14124927157460151, 0.8413207879821041, 4.006646343611045e-10]
[0.1332186530455162, 0.749717902293714, 6.795676707562674e-13]
[0.17391869322789294, 0.7418067346868745, 1.9052854920941232e-11]
[0.13317293480399098, 0.7408019407922107, 8.042214232595849e-10]
[0.23012153977081817, 0.7292862636923136, 2.0321717825113788e-09]
[0.14124927157460151, 0.7386518670595514, 4.006646343611045e-10]
[0.20225178712423575, 0.8434070350425316, 2.0192168058318084e-09]
[0.2076579644737967, 0.8434070350425316, 2.0192168058318084e-09]
[0.2076579644737967, 0.8454131291163364, 2.0192168058318084e-09]
[0.2114469904523958, 0.8454131291498546, 2.0192168058318084e-09]
[0.2137949848267702, 0.8454131291498546, 1.341247233997701e-10]
[0.2138182602186391, 0.8454131291145357, 6.275391438324841e-10]
[0.2142156610252401, 0.8454131291145357, 6.275391438324841e-10]
[0.21503443729745586, 0.8456157119193008, 6.275391438324841e-10]
[0.21666531188424426, 0.8454131291498546, 1.5438034304980642e-09]
[0.20214462799821248, 0.8456157119193008, 1.8454311612956069e-09]
[0.20268335205365223, 0.8456157119193008, 4.60111311655047e-10]
[0.20249529564549007, 0.8456157119193008, 2.6924918387740286e-10]
[0.20264895644091546, 0.8454131291498546, 1.982865604647913e-09]
[0.20160797064408137, 0.8456157119193008, 5.148358526883835e-10]
[0.20224208467056792, 0.8501218209996337, 1.362882889314999e-09]
[0.20224208467056792, 0.8457735392159645, 1.362882889314999e-09]
[0.20224208467056792, 0.84858953470808, 1.362882889314999e-09]
[0.20224208467056792, 0.8474302465120137, 1.362882889314999e-09]
[0.20243780310053305, 0.8485981485736217, 1.5494949344339588e-09]
[0.20243780310053305, 0.8486310738637067, 1.5494949344339588e-09]
[0.20243780310053305, 0.8485984169822914, 1.4808672273530733e-10]
[0.20243780310053305, 0.8479404068016023, 1.0939660723076438e-10]
[0.20244156997524515, 0.8486148630074472, 1.1669061479963006e-10]
[0.20243780310053305, 0.8479247429301457, 1.580598493266478e-10]
[0.20244152536136656, 0.8486404678987499, 1.559062246925738e-09]
[0.20243780310053305, 0.8480989169953052, 1.4808672273530733e-10]
[0.2024415249135518, 0.8486155352578225, 1.559062246925738e-09]
[0.2024415249135518, 0.8463260532152898, 1.326659543317152e-10]
[0.20244157070875912, 0.8486150498221458, 4.728424661375823e-10]
[0.20244156997524515, 0.8471892707644535, 1.554371547706808e-09]
[0.20251293596234962, 0.8488128111235672, 1.9719543492488287e-09]
[0.20244157070875912, 0.8477735062910995, 4.728424661375823e-10]
[0.2024415249135518, 0.8477451264793764, 4.545638652824562e-10]
[0.20243780310053305, 0.8459051582873629, 1.5496478445508557e-09]
[0.20251293596234962, 0.84631752901478, 1.9719543492488287e-09]
[0.20243780310053305, 0.8471974403312788, 1.54337669703951e-09]
[0.2024415249135518, 0.846294154819413, 9.030252486428879e-10]
[0.20251293596234962, 0.84887823935092, 1.9719543492488287e-09]
[0.20251293596234962, 0.848660888628943, 1.9719543492488287e-09]
[0.20251293596234962, 0.8467062423266404, 1.9844167036124043e-09]
[0.20251293596234962, 0.848660888628943, 1.9719543492488287e-09]
[0.20251293596234962, 0.8486613449078163, 1.5692888352338985e-09]
[0.20251293596234962, 0.8483430608412894, 1.5692888352338985e-09]
[0.20251293596234962, 0.8471562759105751, 1.5701646207908043e-09]
[0.20251293596234962, 0.8469668016670292, 1.9719543492488287e-09]
[0.20251293596234962, 0.8485302731408658, 1.576585391702655e-09]
[0.20256801120103898, 0.8489190721329732, 1.9719543492488287e-09]
[0.20251293596234962, 0.848517997353064, 1.9719543492488287e-09]
[0.2025681364059159, 0.8490676706819759, 1.9719543492488287e-09]
[0.20251293596234962, 0.8475153370680099, 1.9719543492488287e-09]
[0.20251293596234962, 0.8480199386566216, 1.9719543492488287e-09]
[0.2025681364059159, 0.8482944497062812, 1.9719543492488287e-09]
[0.2025681364059159, 0.8476366008763463, 1.9719543492488287e-09]
[0.20251293596234962, 0.8464406143286947, 1.9719543492488287e-09]
[0.20251293596234962, 0.8464174622075258, 2.4764202701185654e-09]
[0.20251293596234962, 0.8466914541922881, 1.3455921074259225e-09]
[0.20256801120103898, 0.8484912158217788, 1.9719543492488287e-09]
[0.20256801120103898, 0.8470342354470322, 2.891400700465119e-09]
[0.20256801120103898, 0.8479642575077617, 1.872481030777674e-09]
[0.20256801120103898, 0.8485429319400601, 1.9719543492488287e-09]
[0.20251293596234962, 0.8457716733129075, 1.9719543492488287e-09]
[0.2025681364059159, 0.8469062794767004, 5.813607090107484e-10]
[0.20251293596234962, 0.846053341941289, 1.9719543492488287e-09]
[0.20251293596234962, 0.8482833067791125, 1.9719543492488287e-09]
[0.20251293596234962, 0.8460652465968961, 1.4718962523903873e-11]
[0.20251293596234962, 0.8470872298888861, 1.1871604300264445e-09]
[0.20251293596234962, 0.8465409524726488, 1.058807790881001e-09]
[0.20251293596234962, 0.8462414648660344, 6.821094938099338e-10]
[0.20256801120103898, 0.8477057615433996, 1.9719543492488287e-09]
[0.20251293596234962, 0.8464724350193057, 1.48719511649379e-09]
[0.20256560476752314, 0.8486613449078163, 1.5692888352338985e-09]
[0.20256560476752314, 0.8471927419124797, 6.822416723427539e-10]
[0.2025681364059159, 0.8465416513212437, 1.9719543492488287e-09]
[0.20256560476752314, 0.8484300387948333, 1.5692888352338985e-09]
[0.20256801120103898, 0.8474806322950029, 1.8080700769221948e-10]
[0.20256557664607092, 0.8471041669165817, 3.685382879374875e-10]
[0.2025681364059159, 0.8458660629104923, 2.5916584014046904e-10]
[0.20251293596234962, 0.8478209215349243, 1.6107264127970598e-09]
[0.2024238819235359, 0.8465962646461319, 1.9719543492488287e-09]
[0.2025681364059159, 0.8459074235350095, 1.9719543492488287e-09]
[0.20252434405182548, 0.8464966803844318, 1.704087694834567e-09]
[0.20251293596234962, 0.8471988957153536, 2.9044977759234414e-09]
[0.20256560476752314, 0.8486145729458012, 1.97895792737346e-09]
[0.20256801120103898, 0.8465262150835254, 1.9719543492488287e-09]
[0.20258237145511102, 0.8490667484134198, 1.3678640285048386e-09]
[0.20256801120103898, 0.848333305171552, 1.9719543492488287e-09]
[0.20256702875047522, 0.8488138101449665, 1.9719543492488287e-09]
[0.2025560363854336, 0.8471841400545564, 1.950256879620007e-09]
[0.20257031781985974, 0.84887823935092, 1.9719543492488287e-09]
[0.20257031781985974, 0.845942670624372, 2.6615087527800145e-09]
[0.2025681364059159, 0.8482391265293661, 4.415139082044948e-10]
[0.20251293596234962, 0.8464728761040416, 5.54431472392348e-10]
[0.20258285408392543, 0.8490718759924383, 1.3678640285048386e-09]
[0.20258285408392543, 0.8457982295003899, 1.3678640285048386e-09]
[0.20258325022514082, 0.8459203620687713, 1.3579137210591658e-09]
[0.20248895573335257, 0.847542317537697, 1.2688122491485774e-09]
[0.2025681364059159, 0.8486209386848782, 1.9719543492488287e-09]
[0.20257047413192533, 0.8484515968354662, 3.2941346816276564e-10]
[0.20257031781985974, 0.8481859719797182, 1.9719543492488287e-09]
[0.20258338541528026, 0.8490718759924383, 1.3678640285048386e-09]
[0.2025833900683559, 0.847782301348014, 1.3678640285048386e-09]
[0.20258338541528026, 0.8470539181413927, 1.3680236613370925e-09]
[0.20256801120103898, 0.8459546410812729, 4.765243225041538e-11]
[0.20258237145511102, 0.8463947460644716, 1.3678640285048386e-09]
[0.20256801120103898, 0.8464076272485556, 1.4309259049813181e-09]
[0.20258285408392543, 0.8467838518099428, 1.3678640285048386e-09]
[0.20246270681510806, 0.8457288283668429, 1.7812318844476515e-09]
[0.20256703939947227, 0.8459103364678745, 1.9719543492488287e-09]
[0.2025822061684748, 0.8477536035964823, 1.1486603838629422e-09]
[0.20258285408392543, 0.8471863774394943, 1.3774517340790876e-09]
[0.20258338541528026, 0.8486575728386481, 1.3678640285048386e-09]
[0.20256781312182537, 0.8476245459820632, 1.5560042030865034e-09]
[0.20258237145511102, 0.8481054754358577, 1.3699621321955525e-09]
[0.20258285408392543, 0.8481499688744341, 6.973619159856403e-10]
[0.2025681364059159, 0.8468363389450433, 1.9719543492488287e-09]
[0.20258237145511102, 0.8473762156436969, 1.3678640285048386e-09]
[0.2025680092458812, 0.8468527421475699, 1.9719543492488287e-09]
[0.20258338541528026, 0.8486983480472661, 4.0835944160997266e-10]
[0.20258285408392543, 0.8468527568625083, 2.027346333727312e-09]
[0.2025681364059159, 0.8471568924057741, 1.9719543492488287e-09]
[0.20256801120103898, 0.8465460974059066, 2.8642772772157376e-09]
[0.20258338541528026, 0.8490621117864671, 7.9394578224432e-10]
[0.20238831373702484, 0.8458196456900227, 2.0303844989348217e-09]
[0.20258339647902962, 0.8490718759924383, 7.938353137454565e-10]
[0.20258285408392543, 0.847788770116603, 8.287950989990531e-10]
[0.20258338541528026, 0.848849515280439, 1.3678640285048386e-09]
[0.20258338541528026, 0.8476029867323129, 1.811092661709442e-10]
[0.2027292549173984, 0.8495102149803121, 1.3804742223114802e-09]
[0.20258237145511102, 0.8460801528482298, 1.3678640285048386e-09]
[0.20242693040571058, 0.846856371458927, 5.699190090830934e-10]
[0.20258285408392543, 0.8460445743402936, 6.797132901411457e-10]
[0.11710619972908315, 0.030712018320382173, 2.840242854573077e-09]
[0.12730395078701545, 0.03753122904223739, 2.8604955144042196e-09]
[0.12827601971183095, 0.03305073159335653, 1.3678640285048386e-09]
[0.10635861208866665, 0.11906222167408288, 2.8745471246105486e-09]
[0.11721996042982169, 0.024330961970413456, 1.3678640285048386e-09]

non_dom_solutions_y:
[0.68759829 0.67510001 5.37505841]
[7.44522145e-06 1.18854989e-04 5.99991970e+00]
[1.40353123e-09 8.76222040e-09 6.00000007e+00]
[1.44400950e-09 9.88600654e-09 6.00000006e+00]
[1.46736922e-08 9.88600654e-09 6.00000005e+00]
[1.46736922e-08 9.88600654e-09 6.00000005e+00]
[1.44400950e-09 8.06972471e-08 5.99999999e+00]
[1.44400950e-09 2.69934789e-07 5.99999974e+00]
[1.44387062e-09 2.88563939e-02 5.96339212e+00]
[1.48006470e-08 2.26716987e-09 6.00000000e+00]
[0.27262813 0.74052032 4.36442569]
[0.30900271 0.75275978 4.32205454]
[0.09073908 0.68131525 5.06570143]
[1.46736922e-08 2.37381039e-03 5.99757313e+00]
[0.19039249 0.70695092 4.65499838]
[0.27262813 0.73758971 4.38504716]
[0.20837887 0.69326702 4.73388259]
[0.27283053 0.7373051  4.38718776]
[0.27283053 0.7373051  4.38718776]
[1.40504124e-09 3.86941645e-08 6.00000004e+00]
[1.46736922e-08 6.51998132e-03 5.99307968e+00]
[0.27262813 0.73758971 4.38504716]
[0.18140853 0.84540645 3.95358522]
[0.13059161 0.84540645 4.06094666]
[1.20875969e-09 1.01003236e-02 5.98893967e+00]
[1.48006470e-08 1.24571902e-03 5.99873969e+00]
[1.44391860e-09 1.27054389e-02 5.98577685e+00]
[1.45915606e-08 1.18521320e-03 5.99880158e+00]
[1.40504124e-09 2.22179472e-02 5.97316360e+00]
[1.48006470e-08 9.05287316e-03 5.99017566e+00]
[0.260221   0.71411708 4.55138804]
[1.05443881e-05 8.47171416e-01 4.31284152e+00]
[1.48006470e-08 1.13230645e-02 5.98747086e+00]
[1.40504124e-09 3.86941645e-08 6.00000004e+00]
[1.44339086e-09 3.87644514e-08 6.00000001e+00]
[1.40504124e-09 8.04921308e-01 4.41884369e+00]
[1.40504124e-09 7.69097247e-01 4.59849847e+00]
[1.44339086e-09 4.66438458e-03 5.99513068e+00]
[1.48006470e-08 2.09133974e-09 6.00000000e+00]
[1.48426748e-03 1.18062391e-03 5.99730126e+00]
[0.01367402 0.74122135 4.76433235]
[0.26480708 0.72362131 4.482149  ]
[0.23012154 0.85178762 3.88897369]
[0.15108074 0.82535662 4.0510837 ]
[0.13031691 0.84565826 4.06132148]
[0.13132331 0.85177267 4.05385679]
[0.13132331 0.85168766 4.05390781]
[0.13059161 0.84844705 4.05799144]
[0.1317611  0.84542876 4.05817353]
[0.1320759  0.84052881 4.06367944]
[0.13213445 0.85168766 4.05200349]
[0.13133366 0.84844705 4.05624654]
[0.13133366 0.84848823 4.05621141]
[0.13134877 0.8485229  4.05614642]
[0.13295181 0.85178965 4.0500268 ]
[0.13313885 0.85178965 4.04958896]
[0.13313885 0.85177146 4.04959979]
[0.13321865 0.85177164 4.04941292]
[0.13312791 0.85168964 4.04967452]
[0.13312791 0.85168766 4.04967569]
[0.09355815 0.79066664 4.31596464]
[0.14543852 0.84543732 4.02664461]
[0.01358893 0.75906677 4.6450159 ]
[1.48006470e-08 2.26137677e-09 6.00000000e+00]
[0.13237786 0.84119894 4.06200927]
[0.14122113 0.84119894 4.04151182]
[0.14123837 0.84132079 4.04130111]
[0.14124927 0.84132079 4.04127619]
[0.13321865 0.7497179  4.46169027]
[0.17391869 0.74180673 4.4282528 ]
[0.13317293 0.74080194 4.52292696]
[0.23012154 0.72928626 4.44455851]
[0.14124927 0.73865187 4.51931792]
[0.20225179 0.84340704 3.92374934]
[0.20765796 0.84340704 3.91697355]
[0.20765796 0.84541313 3.91463603]
[0.21144699 0.84541313 3.91030666]
[0.21379498 0.84541313 3.90780224]
[0.21381826 0.84541313 3.90777812]
[0.21421566 0.84541313 3.90736821]
[0.21503444 0.84561571 3.90631735]
[0.21666531 0.84541313 3.90493008]
[0.20214463 0.84561571 3.92133416]
[0.20268335 0.84561571 3.9206267 ]
[0.2024953  0.84561571 3.92087287]
[0.20264896 0.84541313 3.92089061]
[0.20160797 0.84561571 3.92204551]
[0.20224208 0.85012182 3.91715377]
[0.20224208 0.84577354 3.92103731]
[0.20224208 0.84858953 3.91835567]
[0.20224208 0.84743025 3.91938563]
[0.2024378  0.84859815 3.91809107]
[0.2024378  0.84863107 3.91806336]
[0.2024378  0.84859842 3.91809081]
[0.2024378  0.84794041 3.91866222]
[0.20244157 0.84861486 3.91807201]
[0.2024378  0.84792474 3.91867623]
[0.20244153 0.84864047 3.91805058]
[0.2024378  0.84809892 3.91852152]
[0.20244152 0.84861554 3.91807154]
[0.20244152 0.84632605 3.92020074]
[0.20244157 0.84861505 3.91807186]
[0.20244157 0.84718927 3.91935046]
[0.20251294 0.84881281 3.91781335]
[0.20244157 0.84777351 3.91880754]
[0.20244152 0.84774513 3.91883336]
[0.2024378  0.84590516 3.92064103]
[0.20251294 0.84631753 3.9201158 ]
[0.2024378  0.84719744 3.91934763]
[0.20244152 0.84629415 3.92023328]
[0.20251294 0.84887824 3.91775944]
[0.20251294 0.84866089 3.91793979]
[0.20251294 0.84670624 3.91972557]
[0.20251294 0.84866089 3.91793979]
[0.20251294 0.84866134 3.9179394 ]
[0.20251294 0.84834306 3.91821007]
[0.20251294 0.84715628 3.91928829]
[0.20251294 0.8469668  3.9194705 ]
[0.20251294 0.84853027 3.91804991]
[0.20256801 0.84891907 3.91765381]
[0.20251294 0.848518   3.91806034]
[0.20256814 0.84906767 3.91753292]
[0.20251294 0.84751534 3.91895062]
[0.20251294 0.84801994 3.91849288]
[0.20256814 0.84829445 3.91817979]
[0.20256814 0.8476366  3.9187665 ]
[0.20251294 0.84644061 3.91999098]
[0.20251294 0.84641746 3.92001438]
[0.20251294 0.84669145 3.91974018]
[0.20256801 0.84849122 3.91801095]
[0.20256801 0.84703424 3.91933321]
[0.20256801 0.84796426 3.91847026]
[0.20256801 0.84854293 3.91796703]
[0.20251294 0.84577167 3.92068341]
[0.20256814 0.84690628 3.91945692]
[0.20251294 0.84605334 3.92038766]
[0.20251294 0.84828331 3.91826177]
[0.20251294 0.84606525 3.92037524]
[0.20251294 0.84708723 3.91935436]
[0.20251294 0.84654095 3.91989006]
[0.20251294 0.84624146 3.92019349]
[0.20256801 0.84770576 3.91870341]
[0.20251294 0.84647244 3.91995888]
[0.2025656  0.84866134 3.91787039]
[0.2025656  0.84719274 3.91918451]
[0.20256814 0.84654165 3.91981706]
[0.2025656  0.84843004 3.91806632]
[0.20256801 0.84748063 3.91891062]
[0.20256558 0.84710417 3.91926912]
[0.20256814 0.84586606 3.92051125]
[0.20251294 0.84782092 3.91867106]
[0.20242388 0.84659626 3.91995163]
[0.20256814 0.84590742 3.92046779]
[0.20252434 0.84649668 3.91991955]
[0.20251294 0.8471989  3.91924773]
[0.2025656  0.84861457 3.91790968]
[0.20256801 0.84652622 3.91983269]
[0.20258237 0.84906675 3.91751501]
[0.20256801 0.84833331 3.91814634]
[0.20256703 0.84881381 3.91774165]
[0.20255604 0.84718414 3.91920527]
[0.20257032 0.84887824 3.91768426]
[0.20257032 0.84594267 3.92042797]
[0.20256814 0.84823913 3.9182278 ]
[0.20251294 0.84647288 3.91995841]
[0.20258285 0.84907188 3.91751024]
[0.20258285 0.84579823 3.92056365]
[0.20258325 0.84592036 3.9204344 ]
[0.20248896 0.84754232 3.91895707]
[0.20256814 0.84862094 3.91790101]
[0.20257047 0.8484516  3.91804147]
[0.20257032 0.84818597 3.91827138]
[0.20258339 0.84907188 3.91750954]
[0.20258339 0.8477823  3.91861369]
[0.20258339 0.84705392 3.91929408]
[0.20256801 0.84595464 3.92041839]
[0.20258237 0.84639475 3.91994638]
[0.20256801 0.84640763 3.91995214]
[0.20258285 0.84678385 3.91955744]
[0.20246271 0.84572883 3.9207948 ]
[0.20256704 0.84591034 3.92046616]
[0.20258221 0.8477536  3.91864126]
[0.20258285 0.84718638 3.919168  ]
[0.20258339 0.84865757 3.91785026]
[0.20256781 0.84762455 3.91877798]
[0.20258237 0.84810548 3.91832625]
[0.20258285 0.84814997 3.91828648]
[0.20256814 0.84683634 3.91952524]
[0.20258237 0.84737622 3.9189893 ]
[0.20256801 0.84685274 3.91950936]
[0.20258339 0.84869835 3.91781611]
[0.20258285 0.84685276 3.91948991]
[0.20256814 0.84715689 3.91921539]
[0.20256801 0.8465461  3.9198128 ]
[0.20258339 0.84906211 3.91751741]
[0.20238831 0.84581965 3.92079615]
[0.2025834  0.84907188 3.91750951]
[0.20258285 0.84778877 3.91860852]
[0.20258339 0.84884952 3.91769076]
[0.20258339 0.84760299 3.91877736]
[0.20272925 0.84951021 3.91697279]
[0.20258237 0.84608015 3.92026884]
[0.20242693 0.84685637 3.91969075]
[0.20258285 0.84604457 3.92030514]
[0.1171062  0.03071202 5.73885403]
[0.12730395 0.03753123 5.70352078]
[0.12827602 0.03305073 5.70857328]
[0.10635861 0.11906222 5.57766507]
[0.11721996 0.02433096 5.74819862]
