0.6235154347708977
0.6235154347708977
0.6235154347708977
0.6235154347708977
0.6235154347708977
0.6235154347708977
0.6235154347708977
0.6235154347708977
0.6235154347708977
0.6235154347708977
0.6235154347708977
0.6235154347708977
0.6235154347708977
0.6235154347708977
0.6235154347708977
0.6235154347708977
0.6235154347708977
0.6235154347708977
0.6235154347708977
0.6235154347708977
0.6235154347708977
0.6235154347708977
0.6235154347708977
0.6235154347708977
0.6235154347708977
0.6235154347708977
0.6235154347708977
0.6235154347708977
0.6235154347708977
0.6235154347708977
0.6235154347708977
0.6235154347708977
0.5455291687572171
0.5079219636584718
0.4928278259257468
0.4866989489511332
0.4600100304821045
0.44821546138773255
0.44821546138773255
0.42877601732025594
0.41920367552496035
0.4170504740162465
0.41672055150243126
0.41402324574624755
0.4115950644974
0.4113753414560688
0.41088025267876654
0.41085724797774353
0.4100419696896369
0.40986413967387847
0.40986413967387847
0.40983707789985246
0.40983707789985246
0.4098328835344307
0.4098328835344307
0.4097635776041894
0.4097630769276269
0.40956066100904764
0.4095606558697041
0.36972782341941574
0.3697270658564707
0.3697270658564707
0.3697270658564707
0.36972713047373434
0.3694923345385196
0.3694921126054777
0.36949211983155167
0.3694921183049228
0.36949210141870553
0.36949210072595634
0.3694921011199226
0.36949210110627795
0.36949210104706853
0.36949210104706853
0.36949210104706853
0.36949210104686525
0.36949210104686525
0.36949210104686525
0.36946739630576897
0.36946739630569597
0.4089012912070303
0.408797068518404
0.4087949338994553
0.4087949338986792
0.4087949338986792
0.4087949338986792
0.40875306270091505
0.40875306270091505
0.40875306270091505
0.40875294687315555
0.40873584851686706
0.40873544921328026
0.40873544921328026
0.4087267141351079
0.408726714134726
0.4087267141337579
0.4087267141337579
0.4087250090610786
0.4087250090610786
0.4086471282719115
0.4086471173912466
0.4086471173912466
0.4086471154368981
0.4086471154368981
0.40858204991390634
0.40857730923189434
0.40857730923189434
0.4085728729322584
0.4085728729322584
0.4085728729322584
0.4085728729322584
0.4085728729322584
0.4085728729322584
0.40857287293154637
0.4080637009853702
0.4080637009853702
0.4080637009853702
0.4080045750233702
0.4080045750233702
0.4080045750233702
0.4080045750233702
0.4080045750233702
0.4080045750233702
0.4080045750233702
0.4079909862901274
0.4079909862901274
0.4079909862901274
0.4079909862901274
0.4079909862901274
0.4079909862901274
0.4079909862901274
0.4079909862901274
0.4079807753727988
0.4079807753727988
0.40797083462337114
0.4079678088581886
0.4079678088581886
0.4079678088581886
0.40796351220693966
0.40795686064082337
0.40795686064082337
0.407936549579505
0.407936549579505
0.4079364819966673
0.4079364819966673
0.40791735532724716
0.4079129819345111
0.4079129819345111
0.407912940450736
0.407912940450736
0.40791175111761785
0.40791175111761785
0.40791175111761785
0.40791175111761785
0.4079107343387899
0.407909861964513
0.4078933283708489
0.40789332060921746
0.40789332060921746
0.40789332060921746
0.40789119602720614
0.40789119602720614
0.40789119602720614
0.40789119602720614
0.40789119602720614
0.40789119602720614
0.3436965704463778
0.3433609230904811
0.3433517051701745
0.3433517051701745
0.3433517051701745
0.343349295672815
0.343349295672815
0.343349295672815
0.3433492956727697
0.3433492956727697
0.3433492956727697
0.3433492956727697
0.3433492956727697
0.3433492956727697
0.3433492956727697
0.3433492956727697
0.3433492956727697
0.3433492956727697
0.3433492956727697
0.3433492956727697
0.3433492956727697
0.3433492956727697
0.3433492956727697
0.3433492956727697
0.3433492956727697
0.3433492956727697
0.3433492956727697
0.34334929466479114
0.34334929466479114
0.34334929466479114
0.34334929466479114
0.34334929466479114
0.34334929466479114
0.34334929466479114
0.34334929466479114
0.34334929466479114
0.34334929466398995
0.343349021603044
0.3433382294345661
0.3433382294345661
0.3433382294345661
0.3433382294345661
0.3433382294345661
0.3433382294345661
0.3433382294345661
0.3433382294345661
0.3433382294345661
0.3433382294345661
0.3433382294345661
0.3433382294345661
0.3433382294345661
0.3433382294345661
0.3433252641041057
0.34332383995634114
0.34332383995634114
0.34332383995634114
0.34332383995634114
0.34332383995634114
0.34332383995634114
0.34332383995634114
0.34332383995634114
0.34332383995634114
0.34332383995634114
0.34332383995634114
0.34332383995634114
0.34332362288095947
0.34332362288095947
0.34305581945685776
0.3430342458415609
0.3430342458415609
0.3430342458415609
0.3430219610779113
0.34301788245086406
0.34301788245086406
0.34301788245086406
0.34301788245086406
0.34301788245086406
0.34301788245086406
0.34301788245086406
0.34301788245086406
0.34299303984509616
0.34299303984509616
0.34299303984509616
0.34299303984509616
0.34299303984509616
0.34299303984509616
0.34299303984509616
0.34299303984509616
0.34299303984509616
0.34299303984509616
0.34299303984509616
0.34299303984509616
0.34299303984509616
0.34299303984509616
0.34299303984509616
0.34299303984509616
0.3429892154416434
0.3429892154416434
0.3429892154416434
0.3429892154416434
0.3429892154416434
0.3429892154416434
0.3429892154416434
0.3429892154416434
0.37679584082308315
0.37679584082308315
0.37679584082308315
0.37679584082308315
0.37679584082308315
0.37679584082308315
0.37679584082308315
0.37679584082308315
0.37679584082308315
0.37679584082308315
0.37679584082308315
0.37679584082308315
0.37679584082308315
0.37679555881030524
0.37679555881030524
0.37679555881030524
0.37679555881030524
0.37679555881030524
0.37679555881030524
0.37679555881030524
0.37679555881030524
0.37679555881030524
0.37679555881030524
0.37679555881030524
0.37679555881030524
0.37679555881030524
0.37679555881030524
0.37679555881030524
0.37679555881030524
0.37679555881030524
