ID: 20231203162014_30745

Problem: dtlz7
Number of objects: 3
Number of variables: 3

Algorithm choice: 2
Algorithm phase strategy: local + global
First phase rate: 0.0
Population size: 15
Maximum number of function evaluations: 300

IGD: 0.37679555881030524
GD: 0.011870299676809337
HV: 0.7247848047564737
Time cost: 2597.0558788776398

non_dom_solutions:
[0.008707329300611216, 0.09254671792750874, 0.0016416739159266225]
[0.32014589497084656, 0.6659494047169037, 0.0006643834211357558]
[0.31029672926691354, 0.7490759114006826, 0.00016239649205398998]
[0.0011488917853535174, 0.7439144501278011, 0.00016239649205398998]
[0.15145192822364292, 0.7657533443750372, 0.00016239649205398998]
[0.07273296392450174, 0.7657533443750372, 0.00016307912351430783]
[0.0011488917853535174, 0.7724619034819056, 0.00016239649205398998]
[0.1595201966669085, 0.865695999354964, 0.0006608720268387604]
[0.1462865186020363, 0.7238867789737446, 0.00016239649205398998]
[0.1595201966669085, 0.742008878264428, 0.0006608720268387604]
[0.1997225690625622, 0.7316941297360336, 0.00016239649205398998]
[0.15145192822364292, 0.7333855679340765, 1.560717013574138e-05]
[0.00015180372080528248, 0.02501976423152691, 0.00012087102419380824]
[0.2480343485249615, 0.7244446421547854, 1.560717013574138e-05]
[0.1595201966669085, 0.73738661489395, 0.0006345688394135132]
[0.24385661748577345, 0.7298738246899202, 1.560717013574138e-05]
[0.15145192822364292, 0.9220928616353444, 0.0001621405722521187]
[0.07745425251035809, 0.749533117909126, 5.157188619840799e-05]
[4.395457667283331e-08, 1.3618719027150283e-07, 4.6875579261158704e-09]
[0.13753272701279284, 0.7307913338081965, 3.182237951143111e-08]
[0.19177078244361467, 0.862267832242585, 5.131454433293908e-08]
[0.19561950166349756, 0.8588083241723466, 3.230554297258392e-09]
[0.19882438996898855, 0.8697197898597757, 3.0180680217981806e-09]
[0.19032919407118307, 0.8699989851747255, 3.230554297258392e-09]
[0.19882438996898855, 0.7273835362490678, 3.0180680217981806e-09]
[0.1886088807725913, 0.8697531495113245, 4.839187325636203e-09]
[2.5035379153464275e-10, 0.7510240236544653, 3.650962358772073e-09]
[0.19882438996898855, 0.7308220989770882, 3.0206419783618848e-09]
[9.813402864686701e-10, 0.7565568792928137, 3.230554297258392e-09]
[0.19960947059817147, 0.8695861779351406, 2.8392803972831483e-09]
[0.19960947059817147, 0.8695861779351406, 2.8392803972831483e-09]
[0.2134835871579957, 0.8671354241874999, 2.8392803972831483e-09]
[0.20283376363088956, 0.8695861779351406, 2.8392803972831483e-09]
[1.3631349479107266e-10, 1.0312404015336201e-09, 3.230554297258392e-09]
[0.21891266440535317, 0.8628559700012658, 2.8392803972831483e-09]
[0.2222807034476514, 0.8653426961033923, 4.705605451625686e-09]
[0.21365072499022175, 0.8670830851729148, 2.83919313117443e-09]
[1.599564871789564e-09, 0.7635171881612023, 3.25064168032137e-09]
[0.2962794551337795, 0.7220191831247833, 2.8392803972831483e-09]
[0.24657304141092534, 0.875994022055848, 3.2347881852227674e-09]
[0.02277314587346428, 0.7553930906803233, 3.2167385407434566e-09]
[0.2314510962245165, 0.727951087784821, 2.8428181224968776e-09]
[0.21515016209978607, 0.7270143860536138, 2.370787291156394e-09]
[0.1896636749853292, 0.728506552545548, 6.93581813775968e-10]
[0.19189075547719378, 0.7315592196412793, 6.740624034533219e-10]
[0.07510627467318504, 0.7519933036079298, 2.366601899606429e-09]
[0.17479379741422224, 0.731909799245693, 6.503937100354489e-10]
[0.22734638920362998, 0.724299123100524, 2.370787291156394e-09]
[0.21518036655823414, 0.7269394180650303, 2.366601899606429e-09]
[0.029866498600566685, 0.7568935545602519, 2.841153917247833e-09]
[0.21518042858175623, 0.7253524448022372, 2.376043275524083e-10]
[0.2155173516532495, 0.7255928407935232, 6.940284153685683e-10]
[0.0005569512581334729, 0.7605335727004893, 5.76097108466637e-10]
[0.006133455092191653, 0.7572153527279489, 5.76097108466637e-10]
[0.21550528233590033, 0.7251792798681137, 5.749879684074785e-10]
[0.19951268534339534, 0.7251792798681137, 5.749879684074785e-10]
[0.19951268534339534, 0.7261923699749884, 5.749879684074785e-10]
[0.19951268534339534, 0.7264416259773605, 6.176928517245686e-10]
[0.010053288137864436, 0.7541550456942452, 2.370787291156394e-09]
[0.08068919100676743, 0.7373123202635827, 2.8428181224968776e-09]
[0.028064222874726458, 0.7530811453468614, 5.76097108466637e-10]
[0.1805030248295733, 0.7296573981599711, 2.012348003286695e-10]
[0.21332991728011005, 0.8714619929086596, 2.012348003286695e-10]
[0.2178917854735093, 0.8717523066849937, 1.203759467140501e-09]
[2.19591537547431e-08, 4.4821896992398426e-11, 2.0238469330037236e-10]
[2.9029251934209466e-07, 1.1258724798595404e-10, 2.04210430055617e-10]
[2.1320459286933158e-10, 1.2479095686074502e-10, 1.970333301576405e-10]
[0.011032549495662236, 0.7550263757028489, 5.76097108466637e-10]
[0.031000400885626722, 0.7595654869060202, 6.512780453367087e-11]
[0.15332748086554862, 0.7510474927194541, 0.0026815544859056717]
[0.15462488089962995, 0.7398616187294278, 1.4647577907167444e-06]
[0.196911442271469, 0.7293183828975822, 5.76097108466637e-10]
[0.21596587295443512, 0.7123688065837468, 6.586886643785368e-10]
[0.13559524995286412, 0.7263205588068962, 6.586886643785368e-10]
[0.1962045275456515, 0.7204868393179451, 6.605796072379784e-10]
[0.1549609516487828, 0.7297162582917656, 6.605796072379784e-10]
[2.1320459286933158e-10, 0.9120364879717233, 0.04578482127512012]
[1.6901740976608772e-09, 1.854731372114805e-11, 5.646406261365337e-10]
[0.20633352238976346, 0.8706133306293588, 6.587279480099178e-10]
[0.044455018099051544, 0.7490081807420175, 6.61687210989102e-10]
[1.6901740976608772e-09, 1.2511896355063028e-10, 1.4775618916344567e-10]
[1.7233234396471374e-09, 7.326306379723733e-11, 1.970333301576405e-10]
[0.17596912624557579, 0.7276216359538427, 2.1702629396070253e-10]
[3.761931401810666e-10, 7.326306379723733e-11, 1.964348358632117e-10]
[0.16515562922180968, 1.0767118043291385e-10, 1.876321451190516e-10]
[1.6901740976608772e-09, 1.2511896355063028e-10, 1.4775618916344567e-10]
[0.15978799862940601, 0.7357596393105174, 2.0239706742236735e-10]
[3.1292014686544157e-08, 1.1258724798595404e-10, 1.7977268962610708e-10]

non_dom_solutions_y:
[0.00870733 0.09254672 5.87148821]
[0.32014589 0.6659494  4.99665672]
[0.31029673 0.74907591 4.35312658]
[1.14889179e-03 7.43914450e-01 4.76430065e+00]
[0.15145193 0.76575334 4.32167176]
[0.07273296 0.76575334 4.50426276]
[1.14889179e-03 7.72461903e-01 4.58197169e+00]
[0.1595202 0.865696  4.0077302]
[0.14628652 0.72388678 4.61888179]
[0.1595202  0.74200888 4.47344248]
[0.19972257 0.73169413 4.46197693]
[0.15145193 0.73338557 4.53432114]
[1.51803721e-04 2.50197642e-02 5.97224645e+00]
[0.24803435 0.72444464 4.47405368]
[0.1595202  0.73738661 4.50517554]
[0.24385662 0.72987382 4.43503717]
[0.15145193 0.92209286 4.16309996]
[0.07745425 0.74953312 4.59509112]
[4.39545767e-08 1.36187190e-07 5.99999995e+00]
[0.13753273 0.73079133 4.58403412]
[0.19177078 0.86226783 3.92913031]
[0.1956195  0.85880832 3.92301711]
[0.19882439 0.86971979 3.92261574]
[0.19032919 0.86999899 3.93548803]
[0.19882439 0.72738354 4.49013773]
[0.18860888 0.86975315 3.9380307 ]
[2.50353792e-10 7.51024024e-01 4.71282140e+00]
[0.19882439 0.7308221  4.46513733]
[9.81340286e-10 7.56556879e-01 4.67645951e+00]
[0.19960947 0.86958618 3.92141926]
[0.19960947 0.86958618 3.92141926]
[0.21348359 0.86713542 3.90284133]
[0.20283376 0.86958618 3.91709684]
[1.36313495e-10 1.03124040e-09 6.00000009e+00]
[0.21891266 0.86285597 3.89565634]
[0.2222807 0.8653427 3.8936749]
[0.21365072 0.86708309 3.90263521]
[1.59956487e-09 7.63517188e-01 4.63237599e+00]
[0.29627946 0.72201918 4.52051132]
[0.24657304 0.87599402 3.89140323]
[0.02277315 0.75539309 4.65639159]
[0.2314511  0.72795109 4.45349898]
[0.21515016 0.72701439 4.47319554]
[0.18966367 0.72850655 4.49564338]
[0.19189076 0.73155922 4.4700122 ]
[0.07510627 0.7519933  4.58243104]
[0.1747938 0.7319098 4.4967921]
[0.22734639 0.72429912 4.48282635]
[0.21518037 0.72693942 4.47371347]
[0.0298665  0.75689355 4.63612035]
[0.21518043 0.72535244 4.48534255]
[0.21551735 0.72559284 4.48324188]
[5.56951258e-04 7.60533573e-01 4.65047492e+00]
[0.00613346 0.75721535 4.66571931]
[0.21550528 0.72517928 4.48629011]
[0.19951269 0.72517928 4.50532971]
[0.19951269 0.72619237 4.49789735]
[0.19951269 0.72644163 4.49607159]
[0.01005329 0.75415505 4.68110365]
[0.08068919 0.73731232 4.67094144]
[0.02806422 0.75308115 4.66377225]
[0.18050302 0.7296574  4.50269161]
[0.21332992 0.87146199 3.90638188]
[0.21789179 0.87175231 3.90214153]
[2.19591538e-08 4.48218970e-11 5.99999998e+00]
[2.90292519e-07 1.12587248e-10 5.99999972e+00]
[2.13204593e-10 1.24790957e-10 6.00000000e+00]
[0.01103255 0.75502638 4.67422871]
[0.0310004  0.75956549 4.61723737]
[0.15332748 0.75104749 4.47962186]
[0.15462488 0.73986162 4.48106126]
[0.19691144 0.72931838 4.47875035]
[0.21596587 0.71236881 4.58115496]
[0.13559525 0.72632056 4.62108205]
[0.19620453 0.72048684 4.5446676 ]
[0.15496095 0.72971626 4.552758  ]
[2.13204593e-10 9.12036488e-01 5.65172666e+00]
[1.69017410e-09 1.85473137e-11 6.00000001e+00]
[0.20633352 0.87061333 3.91354663]
[0.04445502 0.74900818 4.66379639]
[1.69017410e-09 1.25118964e-10 6.00000000e+00]
[1.72332344e-09 7.32630638e-11 6.00000000e+00]
[0.17596913 0.72762164 4.5257233 ]
[3.76193140e-10 7.32630638e-11 6.00000000e+00]
[1.65155629e-01 1.07671180e-10 5.66970549e+00]
[1.69017410e-09 1.25118964e-10 6.00000000e+00]
[0.159788   0.73575964 4.49903399]
[3.12920147e-08 1.12587248e-10 5.99999997e+00]
