0.6717431808179118
0.6717431808179118
0.6717431808179118
0.6717431808179118
0.6717431808179118
0.6717431808179118
0.6717431808179118
0.6717431808179118
0.6717431808179118
0.6717431808179118
0.6717431808179118
0.6717431808179118
0.6717431808179118
0.6717431808179118
0.6717431808179118
0.6717431808179118
0.6717431808179118
0.6717431808179118
0.6717431808179118
0.6717431808179118
0.6717431808179118
0.6717431808179118
0.6717431808179118
0.6717431808179118
0.6717431808179118
0.6717431808179118
0.6717431808179118
0.6717431808179118
0.6717431808179118
0.6717431808179118
0.6717431808179118
0.6717431808179118
0.48764188761010785
0.3882531376704561
0.3821274598199113
0.38145205402515103
0.37481768122775966
0.3740084009163689
0.3687183401690713
0.3653198050627692
0.3582490101081127
0.3582490101081127
0.3582490101081127
0.35720930505188087
0.3428068317833687
0.3424317109276689
0.3413548458016865
0.3404989194717602
0.3400324838169277
0.33154844283008533
0.33154844283008533
0.33154844283008533
0.33045182910154436
0.3299051898061066
0.32885106258505575
0.3282208772294579
0.3278914425706566
0.32782558969117653
0.327620012740235
0.3276196744479191
0.3276196744479191
0.3276196744479191
0.3275619354227993
0.32755552717601727
0.32741641709073394
0.3217960218722135
0.3217960218722135
0.32121238906047916
0.3210678402351647
0.3210678402351647
0.3210678402351647
0.32093562370180945
0.32091650533008875
0.32090836972068815
0.32090836972068815
0.32090836972068815
0.32090836972068815
0.3209020853610724
0.32090371143954594
0.28353219671284385
0.27830637080486975
0.27830637080486975
0.27457060988701826
0.27160958540511004
0.26706149874666113
0.263025429885984
0.263025429885984
0.25359545190672245
0.2535955500158951
0.2535955500158951
0.25344242815679624
0.2534289720671071
0.2449989665858102
0.24495111531988445
0.24494388426681293
0.24494388426681293
0.24494375158137993
0.24494375158137993
0.24494375158137993
0.24494375158137993
0.24494371179503635
0.24494371179503635
0.24494371179503635
0.24494371179503635
0.24494371179503635
0.24494371179503635
0.24494569577041275
0.24494569577041275
0.24493863361210833
0.24484405514960672
0.18132687857937352
0.18130473325025434
0.18130473325025434
0.18109143545362075
0.17796432103787177
0.17788262520883152
0.17788262520883152
0.17768144568987312
0.17756684303780837
0.17753370959157297
0.177438085335415
0.17739855152073494
0.1755851433630859
0.1755851433630859
0.1755851433630859
0.1755181763864534
0.1755153357312704
0.17550567258948074
0.17550567258948074
0.1755056393013058
0.17548997999363297
0.17548997999363297
0.17548034224633238
0.17548034224633238
0.17548034183309605
0.1689629264025287
0.16885675748609394
0.16885675748609394
0.164837236435663
0.164837236435663
0.16483543499039965
0.16426180072519173
0.16426180052884629
0.16425985272600588
0.14617995547961707
0.1461755135809101
0.1461755135809101
0.14615359923250784
0.14615259225926408
0.14613993612747234
0.14613723996401334
0.14603143684740255
0.14378190080931796
0.14378190080931796
0.14378190080931796
0.14378190080931796
0.14378190080931796
0.1437819006267794
0.1437819006267794
0.1437819006267794
0.1437819006267794
0.1437819006267794
0.14378190062366636
0.14378115258452193
0.14155251988330217
0.14118658172256102
0.14118658172256102
0.1402520312201144
0.14025203121866592
0.14025203121851326
0.14025203121851326
0.14025203121849292
0.13990249382542158
0.13956964332891653
0.13941608578241713
0.13917672327270605
0.13917672327270605
0.13917672327270605
0.1391767232726572
0.13912274360015436
0.13911266628514404
0.1391123557975461
0.13911201480151633
0.1391119589002806
0.1390841495312968
0.1390841495312968
0.1390828407640893
0.1390828407640893
0.13908284076408928
0.1390828407640869
0.13908284076402197
0.13908284076402197
0.13908284076402197
0.13908284076402197
0.13908170165584152
0.13907040176255553
0.1355512652367621
0.1255886796180591
0.12367702584524427
0.12367702584524427
0.12367702584524427
0.12351463639862081
0.12351404162612328
0.12351401761744446
0.12351399260664032
0.1235139126940056
0.12347480390693155
0.12347480390592314
0.12347100554230817
0.12347100554230817
0.12344765978525422
0.12344765978525422
0.12344765978525422
0.12344765978525422
0.11652972696252205
0.11305377745545232
0.11220061252294948
0.11215282701430086
0.11215137574245906
0.11209975225252734
0.11181892575547354
0.11050221633609889
0.11024008013879488
0.11017281313528489
0.11016985395977465
0.11012762963825568
0.10980160979266328
0.10979686421023598
0.10970580979936108
0.10970572274979447
0.10968658240293705
0.10968619401185778
0.10967467688094851
0.10967296186445649
0.10965538002605853
0.10963958383884044
0.10963958383884044
0.10960573343670246
0.10960505313206066
0.10960502195846868
0.10960365345726188
0.1096032067966957
0.10960292103436825
0.10959687312653789
0.10959607995077891
0.10959607995077891
0.10959603407331746
0.10958566192300628
0.10958566192300628
0.10958286585659528
0.10954705830440023
0.10954705830440023
0.10954688894240187
0.10953576875042047
0.10953503216834114
0.10953498395700256
0.10953498395700256
0.10953498395700256
0.10953458554144932
0.10952592400135866
0.10952591962990064
0.1095256488536932
0.1095253181457262
0.10952481299709366
0.10952476243551708
0.10952434886054621
0.10952183798350335
0.109521617282278
0.10948313027807427
0.1094830019988582
0.1094830019988582
0.10948278821848811
0.10948234862727971
0.10948234862727971
0.10948205919394104
0.10948205919394104
0.1094809426072293
0.10947381392542557
0.10947381392542557
0.10947339709596203
0.10947339709596203
0.10947327463714134
0.10946964210483048
0.10946946558709314
0.10946906774302519
0.10946905894565917
0.10946892025939073
0.10943347408775884
0.10943347408775884
0.1094334681113302
0.1094070848316824
0.10940684773405142
0.10940684773405142
0.109406719258666
0.10940662062884941
0.10940662062884941
0.10940662062884941
0.10940654921630512
0.10940607915199432
0.10939384425283873
