ID: 20231203150008_19781

Problem: dtlz7
Number of objects: 3
Number of variables: 3

Algorithm choice: 2
Algorithm phase strategy: global + local
First phase rate: 0.5
Population size: 15
Maximum number of function evaluations: 300

IGD: 0.10939384425283873
GD: 0.012539720633468476
HV: 0.9430278925210203
Time cost: 1174.1222529411316

non_dom_solutions:
[0.7424882150368359, 0.7069028254541028, 0.0005498825994250389]
[0.7604636072161984, 0.6940143422817585, 0.00032056035722707876]
[0.5584430611422477, 0.43612489088590173, 0.002658584238264372]
[0.8224362031824182, 0.6432694097581103, 0.00012044390025114926]
[0.821659005413354, 0.7807142181842425, 0.00025795581524801344]
[0.6667798538006554, 0.8547857221593141, 0.003468726866013759]
[0.807906603563435, 0.8434925918140154, 0.00011595958678245607]
[0.6337157504773504, 0.6940143422817585, 0.00030739542459562]
[0.9082835897242383, 0.7239777947050672, 4.260041712450698e-05]
[0.7491855717712672, 0.5999106636958768, 0.00025795581524801344]
[0.0008813152950422065, 0.033499226848867525, 0.0003628612263156736]
[0.71761922689354, 0.7062025779728608, 0.0017598753278580386]
[0.7039551289752353, 0.7629976929427372, 0.00028274752507966364]
[0.6607008530119025, 0.7935823479630653, 0.0037099696041376987]
[0.7050664804234168, 0.6779118971500719, 0.00012044390025114926]
[0.6604937742911363, 0.7535064380633889, 3.3487597919981335e-05]
[0.6930491264480231, 0.7213191040198028, 0.00028274752507966364]
[0.8766773596309178, 0.7425163981490173, 4.441792877043531e-05]
[0.7418172352269223, 0.5284707851860347, 0.0002370449536673641]
[0.7331539363613113, 0.5811718342027595, 4.62820798207072e-05]
[0.6857077781335508, 0.7040909000848211, 4.6280947375611246e-05]
[0.7916804409463251, 0.7459120519026003, 4.627812395692261e-05]
[0.6852660831106098, 0.6974470052349215, 0.003639373159857037]
[0.6908418696647275, 0.687681971021332, 0.00010434267082892333]
[0.6978294403784058, 0.687681971021332, 9.310258342609848e-06]
[0.8758366770992572, 0.000700906655682787, 7.019279787239333e-05]
[0.833685378782693, 0.000700906655682787, 6.895411036566476e-05]
[0.8081665737519583, 0.000700906655682787, 6.967052260103822e-05]
[0.7891202659701744, 5.0925541984603306e-05, 6.967052260103822e-05]
[0.7613886966329828, 0.002582367561272725, 0.0003628612263156736]
[0.7274158480713986, 0.000700906655682787, 6.89156843198504e-05]
[0.8356805802585127, 0.8652831640416152, 5.159612040729535e-06]
[0.8572146628742312, 0.7927742451952854, 0.00011595958678245607]
[0.7021548227038742, 0.9208914390928031, 5.159612040729535e-06]
[0.827841631166866, 0.2549594917383879, 5.159612040729535e-06]
[0.8595757045934275, 0.756156450716668, 0.00011293416608944622]
[0.8651900933619998, 0.7629119037339052, 0.00028764166019146296]
[0.8352097848823421, 0.8657604795580577, 5.159612040729535e-06]
[0.8167866365763901, 0.8652831640416152, 5.159612040729535e-06]
[0.7039551289752353, 0.8994965380409795, 5.262728797278643e-05]
[0.15591635732144088, 0.9564544075001471, 5.262728797278643e-05]
[0.7947127717850984, 0.9123148818482113, 5.2019283264838605e-06]
[0.7269765619894497, 0.7935345887423279, 1.2268020605135835e-05]
[0.769922684915302, 0.25538416883597254, 1.2658376400002312e-05]
[0.7457566361339809, 0.7815749531580546, 1.2268020605135835e-05]
[0.7761474455757805, 0.7734295323499005, 2.4728775535782117e-06]
[0.7764984936956695, 0.7815749531580546, 1.2285659798317407e-05]
[0.7383659637859368, 0.000987606097928584, 3.9809578341771186e-07]
[0.7776166072997156, 0.788721022571156, 1.2285659798317407e-05]
[0.8380644140414321, 0.857833427087801, 9.924495777836043e-07]
[0.7902680552595354, 0.7909410062052838, 1.2285659798317407e-05]
[0.7776166072997156, 0.7775469345380603, 1.0216642257713425e-05]
[0.7790305232946372, 0.7906664896024531, 2.3137407255993874e-07]
[2.9707740132334237e-06, 5.718865320081257e-06, 2.3178356844032812e-07]
[0.8595757045934275, 0.8606168496392128, 9.575803386072663e-07]
[0.7959827993559193, 0.787796068162059, 1.2285659798317407e-05]
[0.8274638905858086, 0.272008618195413, 5.2184614956938e-06]
[0.2014566295334091, 0.8858838320696932, 3.17363970559917e-06]
[0.7853989177180308, 0.8060255248816022, 8.520259414681285e-07]
[0.7440033234708341, 0.09150142853538523, 3.975472924859615e-06]
[0.7790305232946372, 0.7828370366262735, 2.3137407255993874e-07]
[0.7520410668153897, 0.255258160572558, 5.141804541445235e-06]
[0.7794667146972054, 0.9196112810252693, 9.924495777836043e-07]
[2.9707740132334237e-06, 0.6516139122024408, 2.3178356844032812e-07]
[0.7802527278013479, 0.7934126619678331, 2.3137407255993874e-07]
[0.8630021194619514, 0.8482161803123075, 2.3178356844032812e-07]
[0.7827010416033431, 0.7896884515770217, 2.3137407255993874e-07]
[0.7858381296993985, 0.78668475210063, 2.3177892965449045e-07]
[0.7827010416033431, 0.01586177917952103, 2.3137407255993874e-07]
[0.24381578418538796, 0.8295005004565574, 9.924495777836043e-07]
[1.0441075670719613e-08, 3.471471667529922e-08, 3.831965256423167e-09]
[0.8580469273855668, 0.860174108278887, 1.2658376400002312e-05]
[0.8578569892477413, 0.1258295648294538, 1.2805268034641164e-05]
[0.17730766852382795, 0.9148748405698769, 3.153443395872948e-06]
[0.8135602461583775, 0.12596867801120992, 1.2805268034641164e-05]
[1.0874949858250997e-08, 1.2329666436857783e-08, 4.062825476252932e-09]
[8.058506557449445e-09, 8.27267793968787e-10, 4.062825476252932e-09]
[1.0056985061981555e-08, 1.2385383885562272e-08, 3.831965256423167e-09]
[0.8124843176118911, 0.10414227239139456, 1.264937648528289e-05]
[0.7899317294728871, 0.12613552736977512, 5.373131345673803e-06]
[0.7807136843528834, 0.1258295648294538, 5.252160906620708e-07]
[0.7954529508448419, 0.04410545965532042, 8.839637361429166e-06]
[1.0056985061981555e-08, 1.2330781519789371e-08, 4.0602274806342164e-09]
[0.8249219667905386, 0.8366380098583414, 6.073130552653243e-07]
[0.8379637591731861, 0.8482161803123075, 2.0084155514723118e-08]
[0.8382365415751496, 0.8482161803123075, 2.3178356844032812e-07]
[0.8371166641530465, 0.8495229151503507, 2.3178356844032812e-07]
[0.8380838026238054, 0.8491074115778912, 4.899350053734811e-06]
[0.8188173934420735, 0.8295005004565574, 9.924495777836043e-07]
[0.8182604255350681, 0.8346504402576247, 3.979059071594694e-06]
[6.322720719382513e-09, 1.2383342228417364e-08, 3.834773115679362e-09]
[6.217597774645968e-09, 1.238334230042501e-08, 3.831965256423167e-09]
[1.0056985061981555e-08, 5.3992409991507436e-09, 3.831965256423167e-09]
[1.0163021428381197e-08, 1.2385371625106057e-08, 3.831965256423167e-09]
[6.474436183925689e-09, 1.2385383885562272e-08, 3.831965256423167e-09]
[0.7616981217153751, 0.0002725637495490374, 2.2003911541558837e-07]
[0.827841631166866, 0.7781177216584467, 1.3138096778675435e-05]
[0.708305538217256, 0.1258295648294538, 3.1792153791243952e-06]
[0.002844528252239034, 0.7640703856545031, 9.848850644457457e-11]
[1.0873930129131799e-08, 0.7026967268818874, 3.831965256423167e-09]
[1.7777906908499668e-09, 3.471471667529922e-08, 3.831965256423167e-09]
[0.8380838026238054, 0.24297541988055293, 4.899350053734811e-06]
[0.8594339501074764, 0.8571164891707304, 3.578431773804148e-07]
[0.8594339501074764, 0.8570147813067647, 3.578431773804148e-07]
[0.8595665256354796, 0.8566277048301363, 3.578431773804148e-07]
[0.8501164857882957, 0.8295320128223249, 9.773657584080012e-07]
[1.0873930129131799e-08, 1.2385383885562272e-08, 1.4316068998985327e-09]
[0.844900045657052, 0.836708013240527, 1.2658376400002312e-05]
[0.8313535929218439, 0.8202305300592919, 3.578431773804148e-07]
[0.17730766852382795, 0.7539617667765907, 1.1864901025934214e-07]
[0.16778699604468772, 0.7191820334071167, 5.3781903351224664e-08]
[0.16778699604468772, 0.7097732836090604, 9.434412560483146e-09]
[0.16177827469356887, 0.7140774895652917, 5.3781903351224664e-08]
[0.16778699604468772, 0.7124911492579998, 4.9635696988473306e-08]
[0.15824996251714263, 0.7143741262272292, 2.3201184820441134e-06]
[0.14474697940031467, 0.714562009365556, 4.568099990307407e-08]
[0.16046167378313997, 0.6917380169330657, 5.457393185917925e-10]
[0.13576753250341927, 0.6988052625449064, 9.63022596535868e-07]
[0.13228492167780226, 0.6987170397966697, 9.924495777836043e-07]
[0.14146497565832067, 0.6972949220983088, 5.42752735999635e-08]
[0.16711322843368392, 0.6968036454006018, 5.3781903351224664e-08]
[0.12053373848591364, 0.6953846081469506, 1.2900976053355991e-05]
[0.14850355793553638, 0.6993578605669402, 5.303984965715226e-08]
[0.11432145663564908, 0.7031019910648522, 5.3781903351224664e-08]
[0.13679754068119876, 0.6979929870876823, 5.3781903351224664e-08]
[0.16778699604468772, 0.6941569757648095, 3.9112314683395037e-08]
[0.162266485624699, 0.6961592605222425, 3.831965256423167e-09]
[0.12129425790126669, 0.6948902224264081, 3.1729541232687433e-06]
[0.15454619607578812, 0.693470124707818, 2.1267510955757256e-06]
[0.17048640839997414, 0.6992960072729311, 5.3781903351224664e-08]
[0.12993730170231488, 0.7066198869658847, 3.245514583333307e-08]
[0.16686591684561056, 0.6967730933560525, 3.831965256423167e-09]
[0.14220748581347964, 0.6917345172412603, 1.128846321322938e-07]
[0.16350975299990234, 0.6978737050116957, 5.397980105592963e-08]
[0.16781038925979752, 0.6942723797034542, 1.3078258017611128e-07]
[0.1508682843443545, 0.6919792597799685, 5.3781903351224664e-08]
[0.11955967412577528, 0.6979338568767404, 2.9868233208009194e-09]
[0.14417827918907639, 0.6991988035375256, 3.367634817944761e-07]
[0.13695397724140645, 0.7101606051981046, 5.3781903351224664e-08]
[0.12055178618404216, 0.7002200512217724, 3.024403980408406e-08]
[0.13243780105492087, 0.7000220086156604, 5.032512337784821e-08]
[0.16778699604468772, 0.6945055905297899, 5.3781903351224664e-08]
[0.12017724439938393, 0.6949632087417454, 5.537257167654289e-07]
[0.16778699604468772, 0.6941981093467163, 5.3781903351224664e-08]
[0.14359402785123487, 0.7054461905148872, 5.3781903351224664e-08]
[0.11824167889893059, 0.7090126990279999, 5.125181563650577e-08]
[0.1513474315979646, 0.697054693620718, 5.3781903351224664e-08]
[0.14287182981004032, 0.699333719172836, 8.071914700404969e-08]
[0.16778699604468772, 0.6930940546437322, 5.3659035913139063e-08]
[0.16562308655090296, 0.6993068567157946, 3.153443395872948e-06]
[0.1375210051498999, 0.7004654584175285, 5.3781903351224664e-08]
[0.1396731199025637, 0.7024498976882863, 5.3781903351224664e-08]
[0.13757934222665852, 0.7012102382153217, 5.3781903351224664e-08]
[0.12431940745721703, 0.6982672455811174, 5.3781903351224664e-08]
[0.14350305404546637, 0.6911712736936098, 7.063657969559852e-08]
[0.1678399372540205, 0.6938702518889529, 3.1812270685617036e-06]
[0.12332975090148653, 0.7008670867374658, 5.3477848902938924e-08]
[0.13584659801686633, 0.6972189415570723, 2.197466849406963e-08]
[0.131906963390369, 0.6965379163188562, 9.79645040152352e-07]
[0.128646404710011, 0.6994133613821688, 6.951171699800606e-08]
[0.1425194280034302, 0.7081883007869989, 4.761836578662368e-06]
[0.16778699604468772, 0.692911781004758, 3.2776230043593943e-09]
[0.13220650100559755, 0.7039115483724883, 5.3781903351224664e-08]
[0.16778699604468772, 0.6910279109375963, 1.0558903523097507e-06]
[0.1338375542061062, 0.7000788219425533, 4.9547964856723996e-06]
[0.14917263957349414, 0.6980445858272386, 1.0441042841421183e-09]
[0.12623648068605764, 0.6962166345514502, 5.3781903351224664e-08]
[0.1605077578422705, 0.6983040659071034, 7.769970835308983e-07]
[0.14768629519835985, 0.6984582499319856, 5.3781903351224664e-08]
[0.15287748828484005, 0.6992617469695055, 3.14815238309243e-09]
[0.12336557367600637, 0.6971660266082379, 1.2686919943208779e-05]
[0.12233015963087768, 0.7042686654567678, 1.2757546684987096e-09]
[0.11473528516727716, 0.699652364277836, 6.379968614754843e-08]
[0.12238349590131747, 0.6979344951944545, 9.080732951308031e-08]
[0.13495062140438907, 0.6945310050732436, 7.085092171430647e-08]
[0.12487281873732958, 0.6982962113325133, 4.792107863679261e-08]
[0.11860263827067624, 0.70536007795637, 3.991195791298363e-09]
[0.11399072891017437, 0.7046048770578879, 5.188219530725504e-08]
[0.1604297170455743, 0.6936127083340862, 2.9384256781528656e-08]
[0.13690552442903664, 0.7055992669363313, 5.3781903351224664e-08]
[0.16778699604468772, 0.6917364850268644, 9.564289480789427e-07]
[0.14555393081009743, 0.7003556050664103, 5.3781903351224664e-08]
[0.12286250781781355, 0.6931008481184747, 3.416649204719268e-08]
[0.16534656444817397, 0.6929620171773372, 4.899350053734811e-06]
[0.16778699604468772, 0.6924970886139248, 5.3781903351224664e-08]
[0.12441269636928498, 0.7129908322084969, 5.3670189377420174e-08]
[0.1411308227781832, 0.7044675912818126, 5.3781903351224664e-08]
[0.13061756034969987, 0.7060577106015195, 2.396832409028925e-08]
[0.1473372456405897, 0.6968070872209008, 5.3781903351224664e-08]
[0.14931415951847743, 0.7009417383844958, 3.831965256423167e-09]
[0.16778699604468772, 0.6932052970333937, 3.524669691994056e-07]
[0.13348822042106467, 0.6978492043769234, 5.3781903351224664e-08]
[0.16778699604468772, 0.697085535600052, 4.786288968350482e-06]
[0.15237935925628404, 0.6917234304328634, 3.2166490027833085e-06]
[0.15869484406979184, 0.6901098839016417, 3.5767995976145797e-07]

non_dom_solutions_y:
[0.74248822 0.70690283 3.81720064]
[0.76046361 0.69401434 3.78921224]
[0.55844306 0.43612489 5.91251682]
[0.8224362  0.64326941 3.86014691]
[0.82165901 0.78071422 2.90123982]
[0.66677985 0.85478572 3.73400472]
[0.8079066  0.84349259 2.72728346]
[0.63371575 0.69401434 4.69731975]
[0.90828359 0.72397779 3.30563523]
[0.74918557 0.59991066 4.48522339]
[8.81315295e-04 3.34992268e-02 5.96500776e+00]
[0.71761923 0.70620258 4.03507931]
[0.70395513 0.76299769 3.69694358]
[0.66070085 0.79358235 3.94447749]
[0.70506648 0.6779119  4.29892389]
[0.66049377 0.75350644 4.07518522]
[0.69304913 0.7213191  4.06738087]
[0.87667736 0.7425164  3.09073388]
[0.74181724 0.52847079 4.76309979]
[0.73315394 0.58117183 4.67622668]
[0.68570778 0.7040909  4.24582833]
[0.79168044 0.74591205 3.22546845]
[0.68526608 0.69744701 4.39653835]
[0.69084187 0.68768197 4.33292966]
[0.69782944 0.68768197 4.27740318]
[8.75836677e-01 7.00906656e-04 4.31885351e+00]
[8.33685379e-01 7.00906656e-04 4.33379006e+00]
[8.08166574e-01 7.00906656e-04 4.40746961e+00]
[7.89120266e-01 5.09255420e-05 4.49111445e+00]
[7.61388697e-01 2.58236756e-03 4.65280166e+00]
[7.27415848e-01 7.00906656e-04 4.87964356e+00]
[0.83568058 0.86528316 2.63734981]
[0.85721466 0.79277425 2.78199394]
[0.70215482 0.92089144 3.52186763]
[0.82784163 0.25495949 3.91894225]
[0.8595757  0.75615645 2.98910817]
[0.86519009 0.7629119  2.9522221 ]
[0.83520978 0.86576048 2.63844787]
[0.81678664 0.86528316 2.68484526]
[0.70395513 0.89949654 3.42542708]
[0.15591636 0.95645441 4.35232431]
[0.79471277 0.91231488 2.87945386]
[0.72697656 0.79353459 3.35013292]
[0.76992268 0.25538417 4.16737064]
[0.74575664 0.78157495 3.27676277]
[0.77614745 0.77342953 3.13096483]
[0.77649849 0.78157495 3.08410802]
[7.38365964e-01 9.87606098e-04 4.79881290e+00]
[0.77761661 0.78872102 3.04112566]
[0.83806441 0.85783343 2.63183186]
[0.79026806 0.79094101 2.96441285]
[0.77761661 0.77754693 3.09973997]
[0.77903052 0.79066649 3.02350123]
[2.97077401e-06 5.71886532e-06 5.99999757e+00]
[0.8595757  0.86061685 2.61409394]
[0.7959828  0.78779607 2.95303217]
[0.82746389 0.27200862 3.92586477]
[0.20145663 0.88588383 3.94258771]
[0.78539892 0.80602552 2.92251732]
[0.74400332 0.09150143 4.59958456]
[0.77903052 0.78283704 3.06308375]
[0.75204107 0.25525816 4.2796037 ]
[0.77946671 0.91961128 2.98782392]
[2.97077401e-06 6.51613912e-01 5.44052332e+00]
[0.78025273 0.79341266 3.00379219]
[0.86300212 0.84821618 2.61941939]
[0.78270104 0.78968845 3.00853871]
[0.78583813 0.78668475 3.00719947]
[0.78270104 0.01586178 4.50381919]
[0.24381578 0.8295005  3.91559728]
[1.04410757e-08 3.47147167e-08 6.00000006e+00]
[0.85804693 0.86017411 2.61444605]
[0.85785699 0.12582956 4.06498991]
[0.17730767 0.91487484 4.07373965]
[0.81356025 0.12596868 4.14452764]
[1.08749499e-08 1.23296664e-08 6.00000009e+00]
[8.05850656e-09 8.27267794e-10 6.00000010e+00]
[1.00569851e-08 1.23853839e-08 6.00000008e+00]
[0.81248432 0.10414227 4.20028789]
[0.78993173 0.12613553 4.24227239]
[0.78071368 0.12582956 4.29018768]
[0.79545295 0.04410546 4.39757453]
[1.00569851e-08 1.23307815e-08 6.00000009e+00]
[0.82492197 0.83663801 2.67989299]
[0.83796376 0.84821618 2.63676914]
[0.83823654 0.84821618 2.63632633]
[0.83711666 0.84952292 2.63712918]
[0.8380838  0.84910741 2.63595589]
[0.81881739 0.8295005  2.71158306]
[0.81826043 0.83465044 2.70259267]
[6.32272072e-09 1.23833422e-08 6.00000008e+00]
[6.21759777e-09 1.23833423e-08 6.00000008e+00]
[1.00569851e-08 5.39924100e-09 6.00000009e+00]
[1.01630214e-08 1.23853716e-08 6.00000008e+00]
[6.47443618e-09 1.23853839e-08 6.00000008e+00]
[7.61698122e-01 2.72563750e-04 4.64344102e+00]
[0.82784163 0.77811772 2.89254959]
[0.70830554 0.12582956 4.77844109]
[2.84452825e-03 7.64070386e-01 4.62603629e+00]
[1.08739301e-08 7.02696727e-01 5.06324444e+00]
[1.77779069e-09 3.47147167e-08 6.00000007e+00]
[0.8380838  0.24297542 3.89902957]
[0.85943395 0.85711649 2.61422342]
[0.85943395 0.85701478 2.61424207]
[0.85956653 0.8566277  2.6143215 ]
[0.85011649 0.82953201 2.65187456]
[1.08739301e-08 1.23853839e-08 6.00000002e+00]
[0.84490005 0.83670801 2.64256425]
[0.83135359 0.82023053 2.70323245]
[0.17730767 0.75396177 4.33965529]
[0.167787   0.71918203 4.60365493]
[0.167787   0.70977328 4.67416989]
[0.16177827 0.71407749 4.65397564]
[0.167787   0.71249115 4.65370817]
[0.15824996 0.71437413 4.65919471]
[0.14474698 0.71456201 4.68731085]
[0.16046167 0.69173802 4.82567765]
[0.13576753 0.69880526 4.82695652]
[0.13228492 0.69871704 4.83575971]
[0.14146498 0.69729492 4.8252478 ]
[0.16711323 0.69680365 4.77370712]
[0.12053374 0.69538461 4.88918764]
[0.14850356 0.69935786 4.79372284]
[0.11432146 0.70310199 4.84516443]
[0.13679754 0.69799299 4.83070107]
[0.167787   0.69415698 4.79243567]
[0.16226649 0.69615926 4.78842433]
[0.12129426 0.69489022 4.89085985]
[0.1545462  0.69347012 4.82517734]
[0.17048641 0.69929601 4.74816619]
[0.1299373  0.70661989 4.78137977]
[0.16686592 0.69677309 4.77443093]
[0.14220749 0.69173452 4.86570304]
[0.16350975 0.69787371 4.77286899]
[0.16781039 0.69427238 4.79151696]
[0.15086828 0.69197926 4.84443395]
[0.11955967 0.69793386 4.8718302 ]
[0.14417828 0.6991988  4.80464312]
[0.13695398 0.71016061 4.73824285]
[0.12055179 0.70022005 4.85212444]
[0.1324378  0.70002201 4.82547883]
[0.167787   0.69450559 4.78979338]
[0.12017724 0.69496321 4.89289994]
[0.167787   0.69419811 4.79212427]
[0.14359403 0.70544619 4.75861854]
[0.11824168 0.7090127  4.79109172]
[0.15134743 0.69705469 4.80490792]
[0.14287183 0.69933372 4.80657729]
[0.167787   0.69309405 4.80049163]
[0.16562309 0.69930686 4.75779179]
[0.13752101 0.70046546 4.81027371]
[0.13967312 0.7024499  4.79026578]
[0.13757934 0.70121024 4.8044917 ]
[0.12431941 0.69826725 4.85796318]
[0.14350305 0.69117127 4.86701956]
[0.16783994 0.69387025 4.79458883]
[0.12332975 0.70086709 4.84060003]
[0.1358466  0.69721894 4.83877904]
[0.13190696 0.69653792 4.85317379]
[0.1286464  0.69941336 4.83901737]
[0.14251943 0.7081883  4.74045898]
[0.167787   0.69291178 4.80187134]
[0.1322065  0.70391155 4.79654131]
[0.167787   0.69102791 4.81616673]
[0.13383755 0.70007882 4.82190441]
[0.14917264 0.69804459 4.80219634]
[0.12623648 0.69621663 4.86896521]
[0.16050776 0.69830407 4.77582628]
[0.1476863  0.69845825 4.80236661]
[0.15287749 0.69926175 4.78482124]
[0.12336557 0.69716603 4.86892495]
[0.12233016 0.70426867 4.81720203]
[0.11473529 0.69965236 4.87032606]
[0.1223835  0.6979345  4.86509413]
[0.13495062 0.69453101 4.86124881]
[0.12487282 0.69829621 4.85642846]
[0.11860264 0.70536008 4.81783204]
[0.11399073 0.70460488 4.83457278]
[0.16042972 0.69361271 4.81154293]
[0.13690552 0.70559927 4.77280598]
[0.167787   0.69173649 4.81079946]
[0.14555393 0.70035561 4.79275711]
[0.12286251 0.69310085 4.90060176]
[0.16534656 0.69296202 4.80650722]
[0.167787   0.69249709 4.80501439]
[0.1244127  0.71299083 4.74642821]
[0.14113082 0.70446759 4.77163806]
[0.13061756 0.70605771 4.78402916]
[0.14733725 0.69680709 4.81566966]
[0.14931416 0.70094174 4.77991128]
[0.167787   0.6932053  4.79965678]
[0.13348822 0.6978492  4.83949881]
[0.167787   0.69708554 4.77035726]
[0.15237936 0.69172343 4.84314464]
[0.15869484 0.69010988 4.84171757]
