0.6807666298909512
0.6807666298909512
0.6807666298909512
0.6807666298909512
0.6807666298909512
0.6807666298909512
0.6807666298909512
0.6807666298909512
0.6807666298909512
0.6807666298909512
0.6807666298909512
0.6807666298909512
0.6807666298909512
0.6807666298909512
0.6807666298909512
0.6807666298909512
0.6807666298909512
0.6807666298909512
0.6807666298909512
0.6807666298909512
0.6807666298909512
0.6807666298909512
0.6807666298909512
0.6807666298909512
0.6807666298909512
0.6807666298909512
0.6807666298909512
0.6807666298909512
0.6807666298909512
0.6807666298909512
0.6807666298909512
0.6807666298909512
0.5245358526758293
0.42177124630989615
0.4027702844187076
0.38004666358325107
0.3782604620729057
0.36713461581653345
0.3662690154563353
0.3647139917100664
0.36416573672960395
0.3638986285441674
0.36196577814703385
0.28706063252677905
0.28706063252677905
0.28706063252677905
0.28529366838931647
0.28529315209147593
0.2852800077040658
0.28527996500664743
0.28527996500664743
0.28527996216615126
0.28527996216615126
0.2846229408232541
0.28446994967985006
0.28446994967985006
0.2844699466014043
0.2844691371856367
0.28446913197197266
0.28446804238294954
0.28446804217172983
0.284468041751051
0.28446801735855903
0.28446801721811005
0.28446801718176834
0.2844680171193307
0.2844680169997117
0.28446801698146823
0.2844679807812849
0.28446798066513185
0.28446797998305556
0.284455630377949
0.28442238562274264
0.28442213047122467
0.28442212852035387
0.2844221280958925
0.2844221277911835
0.28442212764263103
0.28442212752886964
0.2843136319381014
0.2843136321471411
0.2843116294028647
0.284120866038496
0.2841208657856587
0.2841208657856587
0.2840376017202352
0.28403372587670334
0.28402795683222215
0.28402764481048276
0.2840241410719994
0.2839556412227764
0.2839556412217919
0.28395182854919665
0.28395182854919665
0.2838831272627337
0.2834513673001832
0.2834393712506257
0.28343011594452416
0.28342398331669205
0.28342398331669205
0.28333837640801024
0.28333837640801024
0.28332453200458646
0.2830954245470173
0.28309542332465787
0.28309542332465787
0.28298761293915864
0.282974020195267
0.28297174994746505
0.28297174994746505
0.2828884801622375
0.2828884801622375
0.2828036967480238
0.2828036967480238
0.2825940838563401
0.2825940838563401
0.28257108229429795
0.2825511413646723
0.2825511413646723
0.2824997098086114
0.28249160342387697
0.28249160342387697
0.2824868258830254
0.28248670897860845
0.28248669045240954
0.28248669045240954
0.28248669045240954
0.2824680778664814
0.2824679488456914
0.2824679488456914
0.2824679488456914
0.2824679488456914
0.2824679488456914
0.2824679488456914
0.2824679488456914
0.2824679488456914
0.2824679488456914
0.2824679488456914
0.2824679488456914
0.2824679488456914
0.2824679488456914
0.2824679488456914
0.2824679488456914
0.2824679488428442
0.2824679488428442
0.2824679488428442
0.2824679488428442
0.2824679488428442
0.2824679488428442
0.28246774697660326
0.28246774697660326
0.28246774697660326
0.28246774697660326
0.2824675340224646
0.2824675340224646
0.2824675340224646
0.2824675340224646
0.2824675340224646
0.2824675340224646
0.2824675340224646
0.2824675340224646
0.2824675340224646
0.2824675340224646
0.2824675340224646
0.28240129474703685
0.28240129474703685
0.2823958543369046
0.28198162800203236
0.2819575303727581
0.2819519852393011
0.2819443793020556
0.28194338619793025
0.281942705940648
0.281942705940648
0.281942705940648
0.28194149000065344
0.28194118912362254
0.2819405800691996
0.28194046295614805
0.2819400813210737
0.2819400813210737
0.2819400813210737
0.2819398396725368
0.2819398052949283
0.2819398052949283
0.2819398052949283
0.2819398052949283
0.2819398052949283
0.2819398052949283
0.2819398052949283
0.2819398052949283
0.2819398052949283
0.2819398052949283
0.2819398052949283
0.2819398052949283
0.2819397379169003
0.2819397379169003
0.2819397379169003
0.2819397379169003
0.2819397379169003
0.2819397379169003
0.2819397379169003
0.2819397379169003
0.2819396899257474
0.2819396899257474
0.2819396899257474
0.2819393979368343
0.2819393979368343
0.28193927442309197
0.2819392318865739
0.2819392318865739
0.2819392318865739
0.2819392318865739
0.2819392318865739
0.2819392318865739
0.2819392318865739
0.2819391512423148
0.2819391512423148
0.2819391512423148
0.2819391512423148
0.2819391512423148
0.2819391512423148
0.2819391512423148
0.2819391512423148
0.28193905788351514
0.28193904796256053
0.28193904711206313
0.28193904711206313
0.28193904711206313
0.28193904711206313
0.28193904711206313
0.28193904711206313
0.2819389914976181
0.2819389914976181
0.2819389914976181
0.2819388844852225
0.2819388844852225
0.2819388812344967
0.2819388812344967
0.2819388812344967
0.2819388812344967
0.2819388812344967
0.2819388812344967
0.2819388812344967
0.2819388812344967
0.2819388812344967
0.2819388812344967
0.2819388812344967
0.2819388812344967
0.2819388812344967
0.28193886527131173
0.28193886527131173
0.28193886527131173
0.2819388222079869
0.2819388222079869
0.2819388222079869
0.2819388222079869
0.2819388222079869
0.2819388222079869
0.2819388222079869
0.2819388222079869
0.2819388222079869
0.2819388222079869
0.28193871777826035
0.28193870341417326
0.28193870341417326
0.28193870341417326
0.28193870341417326
0.28193870341417326
0.28193870341417326
0.28193870341417326
0.28193870341417326
0.28193870341417326
0.28193870341417326
0.28193870341417326
0.28193870341417326
0.28193870341417326
0.28193870341417326
0.28193870341417326
0.28193870341417326
0.28193870341417326
0.28193870341417326
0.28193870341417326
0.28193870341417326
0.28193870341417326
0.2819386833840669
0.2819386833840669
0.28193864605617636
0.28193864605617636
0.28193864605617636
0.28193864605617636
0.28193864605617636
0.28193864605617636
0.28193864605617636
0.28193864605617636
0.28193864605617636
0.28193864605617636
0.28193864605617636
0.28193864605617636
0.28193864605617636
