ID: 20231201125824_10595

Problem: dtlz7
Number of objects: 3
Number of variables: 3

Algorithm choice: 2
Rate: 0.5
Population size: 15
Maximum number of function evaluations: 300

IGD: 0.28193864605617636
GD: 0.007676152397890271
HV: 0.5941320124511416
Time cost: 1439.437965631485

non_dom_solutions:
[0.5940700154575917, 0.6805463306493291, 0.023942695042191972]
[0.0026759304441372825, 0.1151601741427663, 0.005085198221393805]
[0.8373619137401507, 0.1151601741427663, 0.0008003569107445929]
[0.7234840223343958, 0.08818402842981463, 0.0007815370212595229]
[0.8178946354202385, 0.0015465910299932023, 2.6431335817533874e-05]
[0.8178946354202385, 0.2964619972950626, 2.6431335817533874e-05]
[0.7731808524164516, 0.2964619972950626, 2.6431335817533874e-05]
[0.7731808524164516, 0.11142436454918804, 2.6431335817533874e-05]
[0.7532008387093545, 0.11967118249170952, 2.6431335817533874e-05]
[0.7527847185439214, 0.13153338947499738, 2.4281329509302676e-05]
[0.7158623096993135, 0.16973854309386732, 2.6431335817533874e-05]
[0.826327564808266, 0.6851890131785783, 2.527074961583553e-05]
[0.0026759304441372825, 0.0034326434100727804, 7.157268301033123e-06]
[0.746310162438854, 0.020525162400814208, 7.2092761782261946e-06]
[0.7730568354487003, 0.0005719583681027055, 7.2092761782261946e-06]
[2.0302189419747177e-07, 1.0449745011572448e-08, 8.537358121631596e-09]
[0.7536279390009243, 1.0449745011572448e-08, 3.9627809266784724e-09]
[0.8598753793314245, 0.23747284096860696, 6.9026613535563235e-09]
[0.7576049765003274, 0.02493942886352639, 9.543880489151803e-09]
[0.7593631095811811, 0.0005274214589933157, 3.0893738938585815e-09]
[0.7509969196443189, 0.004541332235677847, 1.0680688186222221e-07]
[0.8690367443931465, 0.2234574354010287, 9.71493979013668e-09]
[0.866986385853398, 0.2253390260218857, 9.71493979013668e-09]
[0.8650362053343658, 0.21935609109760212, 9.728625236703696e-09]
[0.7316054823557842, 0.2565578120955918, 1.5687930650581673e-08]
[0.8703708248700492, 0.21454191663826383, 1.2250901675067451e-08]
[0.7502618074514006, 0.026392292835658887, 6.946626558588757e-09]
[0.7506370911271495, 0.029007496863335924, 7.09508184960296e-09]
[0.868877282424569, 0.20081450519384234, 7.259727064919271e-09]
[0.7267762079964123, 0.20109269651418638, 9.71493979013668e-09]
[0.8703708322343694, 0.20064679709604907, 1.2250901675067451e-08]
[0.7315196098254244, 0.2188827795636884, 1.5232644520826974e-09]
[0.7315196098254244, 0.2114893937657194, 9.31078707197299e-10]
[0.7538861698534478, 0.01397672292427031, 1.2272562949979157e-08]
[0.7538861698534478, 0.01397672292427031, 1.2272562949979157e-08]
[0.7516886302275163, 0.04751339245853828, 3.937030574531672e-09]
[0.7516886302275163, 0.10050309958579777, 3.978545662936341e-09]
[0.7143621942881095, 0.23856170083269154, 1.2294594158088252e-08]
[0.8890580260590224, 6.088090785295843e-09, 7.285996440688732e-09]
[0.8784598190015439, 0.18772841139220864, 9.71493979013668e-09]
[0.7331464854746018, 0.18641948645380962, 9.71493979013668e-09]
[0.7240413125015166, 0.21548537731878756, 6.9427233884032405e-09]
[0.8704842683926632, 0.21410646143874112, 8.73401399822695e-10]
[0.7173550415145118, 0.24254681562601338, 6.902592075237156e-09]
[0.7571095823168714, 0.0006294015233905687, 4.381014541574367e-09]
[0.73169141796032, 0.17655612783911181, 1.2250901675067451e-08]
[0.7265466323814368, 0.21236622048748002, 9.71493979013668e-09]
[3.2041555402336564e-09, 1.3050556907005034e-09, 7.296615691166782e-09]
[1.8314424089791692e-09, 1.0442815644053686e-08, 8.531136207871144e-09]
[7.441545775700595e-10, 1.2135723513230469e-08, 3.6139152460165153e-09]
[0.7244728238334021, 0.2864053193211416, 9.821229191623391e-09]
[0.7282078836734799, 0.21130829539405405, 3.477273346317549e-09]
[0.7279438833173473, 0.2164309472410798, 1.9751421328148878e-10]
[0.7319082420536641, 0.13775150945865586, 7.296615691166782e-09]
[0.7344783594221098, 0.13775150945865586, 7.793796973013393e-09]
[0.8368711014859784, 0.20815273983185384, 7.296615691166782e-09]
[0.8499842971880874, 0.20116667332943786, 1.947262002261477e-10]
[0.8499842971880874, 0.2092658442443198, 7.200571846886849e-09]
[0.8395731422860313, 0.2046675820494155, 1.8764734101697473e-10]
[0.8521333463705941, 0.2092658442443198, 7.200571846886849e-09]
[0.8443960341627268, 0.20654804953959072, 5.175778956576214e-10]
[0.8387240526262327, 0.2061883347426414, 7.200571846886849e-09]
[0.851306689618957, 0.20877802118523267, 8.348637245639539e-14]
[0.8419275578113334, 0.2092658442443198, 7.200571846886849e-09]
[0.8492680745424127, 0.20971806236625973, 3.541243252528576e-09]
[0.8535093195371574, 0.2092658442443198, 1.4683397772917864e-10]
[0.8426597859265599, 0.2092658442443198, 1.4683397772917864e-10]
[0.8544858229446349, 0.20844836355524216, 4.026083101464753e-10]
[0.8539402999681415, 0.2087257602006747, 3.44123426543759e-10]
[0.853807855627098, 0.20852135636348137, 3.0732237009368093e-10]
[0.8544858229446349, 0.20715009198698248, 7.618762834562967e-09]
[0.8544858229446349, 0.208673683798495, 4.026083101464753e-10]
[0.8544858229446349, 0.2075646716873464, 4.026083101464753e-10]
[0.8544858229446349, 0.20831273918603563, 7.213723058519168e-09]
[0.8536165254518386, 0.208673683798495, 4.070831255496572e-10]
[0.8521158473783952, 0.20925111358846088, 6.617860422661649e-11]
[0.853662696973248, 0.208673683798495, 4.0060288183438597e-10]
[0.8544515978497104, 0.20757679486060626, 1.9734376795509703e-10]
[0.8536523350253834, 0.208673683798495, 4.026083101464753e-10]
[0.8544858229446349, 0.20801484766272998, 3.68384064388059e-09]
[0.8535277704799056, 0.208673683798495, 9.84996829771337e-11]
[0.8535404728784773, 0.2083785888683883, 3.5531014476218455e-10]
[0.8541356524707615, 0.20856567593792677, 4.019069795780711e-10]
[0.8549397078354812, 0.208673683798495, 1.9969910099923497e-10]
[0.8549397078354812, 0.2082890900522861, 1.4920413860616867e-09]
[0.8534322647439625, 0.208673683798495, 1.9969910099923497e-10]
[0.8532905464179025, 0.2088981028094589, 1.975226961178309e-10]
[0.8547106138687073, 0.208673683798495, 1.9969910099923497e-10]
[0.8539631410225156, 0.208673683798495, 1.9969910099923497e-10]
[0.8542260967028185, 0.20848670086659954, 7.285996440688732e-09]
[0.8541641778290405, 0.208673683798495, 2.7180835809044627e-11]
[0.8549397078354812, 0.20721508014365247, 1.2338418475005866e-11]
[0.8549397078354812, 0.20785727790754466, 1.9969910099923497e-10]
[0.8527828613853707, 0.2088050890011835, 1.9968663934485358e-10]
[0.8549397078354812, 0.20607630338460375, 1.9969910099923497e-10]
[0.8549397078354812, 0.20768991478788745, 1.8103314544548266e-10]
[0.852410708587121, 0.20661510311663983, 7.253912214870674e-09]
[0.8550270219798239, 0.20886898055100478, 1.9969910099923497e-10]
[0.8526451486866818, 0.20886898055100478, 2.1808349939907357e-09]
[0.8550270219798239, 0.20727124443552852, 1.9969910099923497e-10]
[0.8546048716595541, 0.20849396495612543, 7.464884112732284e-11]
[0.8550270219798239, 0.20677142328955428, 1.9969910099923497e-10]
[0.8539885536469132, 0.20886898055100478, 9.287388565901226e-11]
[0.8550270219798239, 0.20728667229077816, 1.9969910099923497e-10]
[0.8550270219798239, 0.20923496579823056, 1.9974469539560283e-10]
[0.8550270219798239, 0.20716211990275182, 3.3107801004395026e-10]
[0.8547822896606909, 0.20923496579823056, 7.114628287739768e-11]
[0.8550270219798239, 0.20754940532434768, 1.932968531354873e-10]
[0.853370336414897, 0.20923496579823056, 7.458553103009441e-09]
[0.8550270219798239, 0.20715561454576054, 5.7534290815852644e-09]
[0.8542089183337191, 0.20916439289217847, 3.6402891724665507e-09]
[0.8550270219798239, 0.20793859639379533, 7.31404127824731e-11]
[0.8550270219798239, 0.20957509832478144, 2.7897566098791085e-09]
[0.854518316997375, 0.20968430089939258, 1.2593290471807465e-09]
[0.8544999174982905, 0.20969297451415714, 1.4749973953573313e-10]
[0.8550270219798239, 0.2079724009791407, 2.792180511095547e-09]
[0.8550270219798239, 0.20840182041407634, 2.90874327325058e-09]
[0.8533836144044441, 0.20889609947059798, 2.8186607434352296e-09]
[0.8534059500678363, 0.2097081349672522, 7.121977625091125e-09]
[0.8550270219798239, 0.20845595704579917, 5.778115870447053e-12]
[0.8548686989458076, 0.20986125992629523, 1.9751421328148878e-10]
[0.8533669951408399, 0.20957132770737832, 2.8136767006049676e-09]
[0.854408206082134, 0.20957509832478144, 2.7897566098791085e-09]
[0.8558942117512445, 0.20957509832478144, 2.0629839620369253e-10]
[0.8550465469936144, 0.20957509832478144, 2.0731291712395134e-10]
[0.8558942117512445, 0.20800060290137778, 3.603547304786287e-11]
[0.8536504079354219, 0.20957509832478144, 2.118091040374198e-10]
[0.8558942117512445, 0.2083598930022412, 2.0629839620369253e-10]
[0.8540221678332747, 0.20957509832478144, 1.1222231594445034e-10]
[0.8540974392482308, 0.20889084335557362, 7.333008128245656e-09]
[0.8531604120381452, 0.20957509832478144, 4.569834565669647e-11]
[0.8549299557156401, 0.20962300459722497, 1.4266174549909477e-10]
[0.855052524523468, 0.2094314245986249, 7.568387700331428e-11]
[0.8533460653480291, 0.20957509832478144, 7.51237218613654e-09]
[0.8551845678698529, 0.20701798435457552, 7.17098349122996e-09]
[0.8529227926346045, 0.2069512948009223, 7.285996440688732e-09]
[0.8558942117512445, 0.2082660057542821, 7.315193211655264e-09]
[0.8530082882149013, 0.20959412831888788, 3.0989503664898894e-10]
[0.8560518787708041, 0.20938703061772262, 2.0617668577797988e-10]
[0.8530634957922341, 0.20938703061772262, 7.238568024570668e-09]
[0.8526913300693011, 0.20648642680485774, 7.285996440688732e-09]
[0.8560518787708041, 0.20763740106340758, 2.0600465346671136e-10]
[0.8560518787708041, 0.2082557737163337, 2.0617668577797988e-10]
[0.8560518787708041, 0.20841298629301772, 6.160438124172129e-12]
[0.8530672817502779, 0.2070993155159173, 3.0989503664898894e-10]
[0.853362382556785, 0.20932920319240042, 1.8560430078962257e-10]
[0.8536782738126092, 0.20938703061772262, 2.0617668577797988e-10]
[0.8549606244282697, 0.20938703061772262, 1.942242947402446e-10]
[0.8553618361172539, 0.20945171617221375, 2.06270360542996e-10]
[0.8534663254582904, 0.20862388140131605, 7.415024530778395e-09]
[0.8556202153394405, 0.20943703333691224, 1.3232662975199725e-10]
[0.8525704169461648, 0.21021422636330078, 7.685355705952299e-11]
[0.8528305292630483, 0.21032128189644217, 1.9751421328148878e-10]
[0.8544336657527852, 0.20938703061772262, 1.9744162715508577e-10]
[0.8535039261594533, 0.20938703061772262, 7.550608839887675e-09]
[0.853733489202293, 0.2097339293756296, 3.730037691009554e-09]
[0.8535949194319978, 0.2077782889040924, 7.471873501538915e-09]
[0.8528112332412614, 0.20938703061772262, 1.189577870080325e-10]
[0.8537486945519638, 0.20925863714408977, 1.947407473638601e-11]
[0.8546183037116963, 0.20841661354680785, 7.285996440688732e-09]
[0.853189512874394, 0.20769209806293482, 7.285996440688732e-09]
[0.8530206048063668, 0.2094038641880248, 2.2982056687901053e-10]
[0.8512814681930423, 0.20886715652631505, 3.9219324202348357e-10]
[0.8553115718739749, 0.20938703061772262, 2.0617668577797988e-10]
[0.8528155371189929, 0.20938703061772262, 2.0617668577797988e-10]
[0.8544802906532951, 0.20949972167885758, 5.721899810697491e-09]
[0.8529505219304071, 0.20938703061772262, 6.358385934261835e-11]
[0.8541075614512477, 0.20879021366928835, 6.6629645188375e-11]
[0.8556181887918314, 0.20938703061772262, 2.0617668577797988e-10]
[0.852635909842669, 0.20921087886793344, 2.1373584809292894e-10]
[0.8560518787708041, 0.2086993819190865, 2.0617668577797988e-10]
[0.8537136526293019, 0.20938703061772262, 7.317822425684272e-09]
[0.8546979879670727, 0.20726461437150034, 1.48943868576643e-10]
[0.8562156295121053, 0.20938703061772262, 3.1060431754486415e-10]
[0.8553184942053803, 0.2093826068985735, 1.9751421328148878e-10]
[0.8565496847002814, 0.20925717236161956, 3.1060431754486415e-10]
[0.8527697666138663, 0.2092465782664817, 7.263402034491758e-09]
[0.8526091176748056, 0.20915760490050198, 3.0989503664898894e-10]
[0.854783351861819, 0.20925717236161956, 1.9611167995197518e-10]
[0.8546496526181291, 0.20934226497156141, 4.4713530994176583e-10]
[0.8535235153943269, 0.20925717236161956, 3.1060431754486415e-10]
[0.8519516903786486, 0.20925717236161956, 3.1060431754486415e-10]
[0.8535505875675499, 0.20856310194498007, 3.1060431754486415e-10]
[0.8541106974472106, 0.20925717236161956, 3.147932341655143e-10]
[0.853382727723579, 0.20925717236161956, 3.1435169695496554e-10]
[0.8565496847002814, 0.20868120532765425, 1.6021580255429183e-09]
[0.8524079211794812, 0.20879927993155228, 3.10610912238099e-10]
[0.8538535801715015, 0.20916024070885053, 1.7063547993764513e-10]

non_dom_solutions_y:
[0.59407002 0.68054633 5.65855323]
[2.67593044e-03 1.15160174e-01 5.91754093e+00]
[0.83736191 0.11516017 4.1304733 ]
[0.72348402 0.08818403 4.77512601]
[8.17894635e-01 1.54659103e-03 4.37199824e+00]
[0.81789464 0.296462   3.97614459]
[0.77318085 0.296462   4.17788787]
[0.77318085 0.11142436 4.3672259 ]
[0.75320084 0.11967118 4.47130282]
[0.75278472 0.13153339 4.44586465]
[0.71586231 0.16973854 4.62529536]
[0.82632756 0.68518901 3.5456326 ]
[2.67593044e-03 3.43264341e-03 5.99390616e+00]
[0.74631016 0.02052516 4.72035992]
[7.73056835e-01 5.71958368e-04 4.57493096e+00]
[2.03021894e-07 1.04497450e-08 6.00000002e+00]
[7.53627939e-01 1.04497450e-08 4.69557073e+00]
[0.85987538 0.23747284 3.8830115 ]
[0.75760498 0.02493943 4.63895146]
[7.59363110e-01 5.27421459e-04 4.65792357e+00]
[7.50996920e-01 4.54133224e-03 4.70826935e+00]
[0.86903674 0.22345744 3.89500134]
[0.86698639 0.22533903 3.89217692]
[0.86503621 0.21935609 3.89603827]
[0.73160548 0.25655781 4.42164329]
[0.87037082 0.21454192 3.90413757]
[0.75026181 0.02639229 4.68502609]
[0.75063709 0.0290075  4.67856565]
[0.86887728 0.20081451 3.91922603]
[0.72677621 0.2010927  4.49147144]
[0.87037083 0.2006468  3.92065802]
[0.73151961 0.21888278 4.43689183]
[0.73151961 0.21148939 4.44429604]
[0.75388617 0.01397672 4.67806083]
[0.75388617 0.01397672 4.67806083]
[0.75168863 0.04751339 4.64030979]
[0.75168863 0.1005031  4.52630482]
[0.71436219 0.2385617  4.55080312]
[8.89058026e-01 6.08809079e-09 4.34170492e+00]
[0.87845982 0.18772841 3.94957039]
[0.73314649 0.18641949 4.4673484 ]
[0.72404131 0.21548538 4.49468019]
[0.87048427 0.21410646 3.90468179]
[0.71735504 0.24254682 4.52716502]
[7.57109582e-01 6.29401523e-04 4.67225602e+00]
[0.73169142 0.17655613 4.49509696]
[0.72654663 0.21236622 4.47950761]
[3.20415554e-09 1.30505569e-09 6.00000019e+00]
[1.83144241e-09 1.04428156e-08 6.00000022e+00]
[7.44154578e-10 1.21357235e-08 6.00000008e+00]
[0.72447282 0.28640532 4.4910765 ]
[0.72820788 0.2113083  4.46852139]
[0.72794388 0.21643095 4.46514406]
[0.73190824 0.13775151 4.57545916]
[0.73447836 0.13775151 4.5569997 ]
[0.8368711  0.20815274 3.92612704]
[0.8499843  0.20116667 3.91868399]
[0.8499843  0.20926584 3.90858565]
[0.83957314 0.20466758 3.92595676]
[0.85213335 0.20926584 3.90718385]
[0.84439603 0.20654805 3.917117  ]
[0.83872405 0.20618833 3.92539671]
[0.85130669 0.20877802 3.90824419]
[0.84192756 0.20926584 3.91701443]
[0.84926807 0.20971806 3.90861493]
[0.85350932 0.20926584 3.90647479]
[0.84265979 0.20926584 3.91604269]
[0.85448582 0.20844836 3.90700935]
[0.8539403  0.20872576 3.90690764]
[0.85380786 0.20852136 3.90720321]
[0.85448582 0.20715009 3.90854855]
[0.85448582 0.20867368 3.90674641]
[0.85448582 0.20756467 3.90805247]
[0.85448582 0.20831274 3.9071684 ]
[0.85361653 0.20867368 3.90711087]
[0.85211585 0.20925111 3.90721056]
[0.8536627  0.20867368 3.90709003]
[0.8544516  0.20757679 3.90805126]
[0.85365234 0.20867368 3.9070947 ]
[0.85448582 0.20801485 3.9075188 ]
[0.85352777 0.20867368 3.9071514 ]
[0.85354047 0.20837859 3.90749017]
[0.85413565 0.20856568 3.90701201]
[0.85493971 0.20867368 3.90657957]
[0.85493971 0.20828909 3.90702915]
[0.85343226 0.20867368 3.9071957 ]
[0.85329055 0.2088981  3.90700209]
[0.85471061 0.20867368 3.90666177]
[0.85396314 0.20867368 3.90695848]
[0.8542261  0.2084867  3.90706742]
[0.85416418 0.20867368 3.90687438]
[0.85493971 0.20721508 3.9083035 ]
[0.85493971 0.20785728 3.90753813]
[0.85278286 0.20880509 3.907363  ]
[0.85493971 0.2060763  3.90968512]
[0.85493971 0.20768991 3.90773664]
[0.85241071 0.2066151  3.91016218]
[0.85502702 0.20886898 3.90632242]
[0.85264515 0.20886898 3.90736103]
[0.85502702 0.20727124 3.90820592]
[0.85460487 0.20849396 3.90691071]
[0.85502702 0.20677142 3.90880782]
[0.85398855 0.20886898 3.90672077]
[0.85502702 0.20728667 3.90818744]
[0.85502702 0.20923497 3.90589972]
[0.85502702 0.20716212 3.90833683]
[0.85478229 0.20923497 3.90598601]
[0.85502702 0.20754941 3.90787357]
[0.85337034 0.20923497 3.9065754 ]
[0.85502702 0.20715561 3.90834478]
[0.85420892 0.20916439 3.90628785]
[0.85502702 0.2079386  3.90741168]
[0.85502702 0.2095751  3.90550989]
[0.85451832 0.2096843  3.90556988]
[0.85449992 0.20969297 3.90556702]
[0.85502702 0.2079724  3.90737181]
[0.85502702 0.20840182 3.9068668 ]
[0.85338361 0.2088961  3.90696028]
[0.85340595 0.20970813 3.90601698]
[0.85502702 0.20845596 3.90680337]
[0.8548687  0.20986126 3.90523927]
[0.853367   0.20957133 3.90619126]
[0.85440821 0.2095751  3.90573712]
[0.85589421 0.2095751  3.90524178]
[0.85504655 0.2095751  3.90550314]
[0.85589421 0.2080006  3.90707039]
[0.85365041 0.2095751  3.90605606]
[0.85589421 0.20835989 3.90664779]
[0.85402217 0.2095751  3.90589395]
[0.85409744 0.20889084 3.9066499 ]
[0.85316041 0.2095751  3.90628618]
[0.85492996 0.209623   3.90548879]
[0.85505252 0.20943142 3.90566545]
[0.85334607 0.2095751  3.90619699]
[0.85518457 0.20701798 3.90845727]
[0.85292279 0.20695129 3.90948542]
[0.85589421 0.20826601 3.90675811]
[0.85300829 0.20959413 3.90633971]
[0.85605188 0.20938703 3.9054146 ]
[0.8530635  0.20938703 3.90654935]
[0.85269133 0.20648643 3.91016811]
[0.85605188 0.2076374  3.90745836]
[0.85605188 0.20825577 3.90672753]
[0.85605188 0.20841299 3.9065432 ]
[0.85306728 0.20709932 3.90923451]
[0.85336238 0.2093292  3.90647065]
[0.85367827 0.20938703 3.90625877]
[0.85496062 0.20938703 3.90574801]
[0.85536184 0.20945172 3.90554047]
[0.85346633 0.20862388 3.90723802]
[0.85562022 0.20943703 3.90547803]
[0.85257042 0.21021423 3.90586315]
[0.85283053 0.21032128 3.90560624]
[0.85443367 0.20938703 3.90594235]
[0.85350393 0.20938703 3.90633833]
[0.85373349 0.20973393 3.90583789]
[0.85359492 0.20777829 3.90817304]
[0.85281123 0.20938703 3.90667684]
[0.85374869 0.20925864 3.90637482]
[0.8546183  0.20841661 3.90699633]
[0.85318951 0.2076921  3.90846616]
[0.8530206  0.20940386 3.90655122]
[0.85128147 0.20886716 3.90815674]
[0.85531157 0.20938703 3.90563062]
[0.85281554 0.20938703 3.90667462]
[0.85448029 0.20949972 3.90579535]
[0.85295052 0.20938703 3.90660572]
[0.85410756 0.20879021 3.90676225]
[0.85561819 0.20938703 3.90553595]
[0.85263591 0.20921088 3.90697089]
[0.85605188 0.20869938 3.90620896]
[0.85371365 0.20938703 3.90624315]
[0.85469799 0.20726461 3.90833096]
[0.85621563 0.20938703 3.90537262]
[0.85531849 0.20938261 3.90563347]
[0.85654968 0.20925717 3.90544261]
[0.85276977 0.20924658 3.9068598 ]
[0.85260912 0.2091576  3.90704646]
[0.85478335 0.20925717 3.90596008]
[0.85464965 0.20934226 3.90591143]
[0.85352352 0.20925717 3.90647822]
[0.85195169 0.20925717 3.90729824]
[0.85355059 0.2085631  3.90726981]
[0.8541107  0.20925717 3.90622131]
[0.85338273 0.20925717 3.90654382]
[0.85654968 0.20868121 3.90610903]
[0.85240792 0.20879928 3.90756952]
[0.85385358 0.20916024 3.90644207]
