0.05936355468911323
0.05936355468911323
0.05936355468911323
0.05936355468911323
0.05936355468911323
0.05936355468911323
0.05936355468911323
0.05936355468911323
0.05936355468911323
0.05936355468911323
0.05936355468911323
0.05936355468911323
0.05936355468911323
0.05936355468911323
0.05936355468911323
0.05936355468911323
0.05936355468911323
0.05936355468911323
0.05936355468911323
0.05936355468911323
0.05936355468911323
0.059111012958864444
0.059111012958864444
0.05917057048728141
0.05160737692074807
0.05074269371629813
0.05074269371629813
0.047170896390206045
0.04906877568712869
0.05007824475858567
0.05007600110519568
0.05291402315078545
0.05255288187809304
0.046925870928885595
0.04215741127885853
0.03894472788539076
0.03741361883626961
0.03740635663186667
0.0374058221707877
0.0374058221707877
0.0374058221707877
0.0354339962566364
0.035392616971586396
0.03425708343034519
0.03377602645294821
0.03349702841931782
0.03305919679854724
0.032037502270045745
0.0320071295166665
0.03200176217110131
