ID: 20231205170900_3681

Problem: dtlz5
Number of objects: 2
Number of variables: 2

Algorithm choice: 2
Algorithm phase strategy: global + local
First phase rate: 0.5
Population size: 11
Maximum number of function evaluations: 50

IGD: 0.03200176217110131
GD: 0.00482170547254864
HV: 0.38587348461303633
Time cost: 162.83760619163513

non_dom_solutions:
[0.621667665704463, 0.42574786180979085]
[0.5930703669707212, 0.3804920183677881]
[0.49543560970717093, 0.5103207505954525]
[0.11231382545424874, 0.613075758159906]
[0.43287412113992013, 0.24484315279470478]
[0.8497982407541234, 0.5561412749272265]
[0.6895217970116554, 0.49435208663761077]
[0.5784140919223225, 0.5125451424377199]
[0.002015689008718846, 0.48584541728078]
[0.15328787096194274, 0.5731426705772634]
[0.0008367042495253108, 0.5299188340456188]
[0.6802032854787806, 0.5276069382837264]
[0.9236602163163474, 0.546315398762968]
[0.7680251061212641, 0.48448571767287285]
[0.056647616668944134, 0.5561412749272265]
[0.954324143017227, 0.5140022582983995]
[0.9999880627924747, 0.506753174744849]
[0.32093846895166056, 0.5480077523349234]
[0.3214410865036535, 0.547537817926443]
[0.3106409797713309, 0.546315398762968]
[0.3060062262431852, 0.5600953658497317]
[0.9940376206260841, 0.4993226098689013]
[0.9712010992761967, 0.4867980184711054]
[0.33503182344317145, 0.5184628119742462]
[0.32667620496949884, 0.5115338317758763]
[0.3242707690939574, 0.5103207505954525]

non_dom_solutions_y:
[0.56300189 0.83311826]
[0.60507655 0.81403357]
[0.71223418 0.70209366]
[0.9970656  0.17775246]
[0.82822535 0.66969506]
[0.23449027 0.97536041]
[0.46860848 0.88344207]
[0.6149703  0.78874984]
[1.00019534 0.00316687]
[0.97634683 0.23973985]
[1.00089427 0.00131547]
[0.48184078 0.87712846]
[0.11988369 0.99494861]
[0.35646081 0.93456789]
[0.9991831  0.08914458]
[0.07169998 0.99762281]
[1.87517769e-05 1.00004561e+00]
[0.87761358 0.48415825]
[0.87719176 0.48482926]
[0.88518882 0.46982507]
[0.88988595 0.46404627]
[0.00936555 0.9999566 ]
[0.04522966 0.99915109]
[0.86498308 0.50247998]
[0.87132235 0.49098211]
[0.87314813 0.48767344]
