0.7408764854643535
0.7408764854643535
0.7408764854643535
0.7408764854643535
0.7408764854643535
0.7408764854643535
0.7408764854643535
0.7408764854643535
0.7408764854643535
0.7408764854643535
0.7408764854643535
0.7408764854643535
0.7408764854643535
0.7408764854643535
0.7408764854643535
0.7408764854643535
0.7408764854643535
0.7408764854643535
0.7408764854643535
0.7408764854643535
0.7408764854643535
0.7408764854643535
0.7408764854643535
0.7408764854643535
0.7408764854643535
0.7408764854643535
0.7408764854643535
0.7408764854643535
0.7408764854643535
0.7408764854643535
0.7408764854643535
0.7408764854643535
0.7408764854643535
0.7408764854643535
0.7408764854643535
0.7408764854643535
0.7265477984395492
0.7265477984395492
0.7265477984395492
0.7163158648969552
0.7163158648969552
0.7163158648969552
0.7109196095592148
0.7109196095592148
0.7109196095592148
0.7109196095592148
0.698737351023197
0.6748174424621306
0.6748174424621306
0.6748174424621306
0.6748174424621306
0.6748174424621306
0.6748174424621306
0.6748174424621306
0.6748174424621306
0.6748174424621306
0.7055650213882422
0.5304232751884946
0.5288423989737215
0.5203234710083812
0.5141145151250084
0.5133795252832629
0.5133675460384175
0.5128220025321157
0.5070131181710066
0.5069536189777697
0.46230730267038966
0.4391241949586739
0.3914370956771519
0.3914370956771519
0.3914370956771519
0.39143613126060106
0.39127219751587067
0.39127109957409184
0.414180739772477
0.414180739772477
0.4141786237235092
0.41417860016338
0.4141784530617878
0.41417844205680454
0.3627689152636018
0.3627689152636018
0.32782895874927837
0.32511828460847275
0.3178533109615696
0.3176362172033287
0.3135784078614037
0.313578404312676
0.3135360927029926
0.27691538601464755
0.27691538601464755
0.27691538601464755
0.27164040095625325
0.26008696170198164
0.24359954764288003
0.2434954889994033
0.23928029958650518
0.23701469864366748
0.23698232963630453
0.23698232800852376
0.23644626373778083
0.23644626373778083
0.2363601155292109
0.23521728346515033
0.23386246559440899
0.23386246559440899
0.23335852208092858
0.23335852208092858
0.23323312458578518
0.23323312458578518
0.23322496247443622
0.23322496247443622
0.2332249623632284
0.2331200008088451
0.23292489941596767
0.23275436706770697
0.23275436706770697
0.23275436706770697
0.23275436706770697
0.23275436643007869
0.23275436643007869
0.2326806898374617
0.2326806898374617
0.23268068980563344
0.2326804626325422
0.23129115893243657
0.23105726458488182
0.23105726458488182
0.23105726458488182
0.1848086586268528
0.1848086586268528
0.1848086586268528
0.1848086586268528
0.18480865861657414
0.18480865861657414
0.18480865861657414
0.18480865861657414
0.18480865861657414
0.1847774155841913
0.1847774155841913
0.1847774155841913
0.18474276155329028
0.18465497702807748
0.18465497702807748
0.18465497702807748
0.18465497702807748
0.18465497702807748
0.18459812001217668
0.18452418026047873
0.18422904895367517
0.14145810865588862
0.1414458853757515
0.1414390846808676
0.14127267408664668
0.14125479932216867
0.14124649705355521
0.14124203614204367
0.14124203614204367
0.14122595448443595
0.14115614312730662
0.14115614312730662
0.13225335009051134
0.13224807475049147
0.1322455627177949
0.12577426249469165
0.12577426249374418
0.12576387106420256
0.125081887940561
0.125081887940561
0.125081887940561
0.12498228889475729
0.12496974808265378
0.12492406050136569
0.12487322876139102
0.12486858754625356
0.12486858754625356
0.12486858754625356
0.12486019890859185
0.12517343370761624
0.12517343370761624
0.12515007079881385
0.12514957715342767
0.12514957715342767
0.12514957715342767
0.12514957715342767
0.12514957715342767
0.12514957715342767
0.12514957715342767
0.12514957715342767
0.12509626794971473
0.12505888799569348
0.12505888799569348
0.12505520811694779
0.12505324407677304
0.1250450912121474
0.1250380173866964
0.12503729419159682
0.12503748334997633
0.12423676250263042
0.12423597007369093
0.12423404087922514
0.12423364246095282
0.12423328822112614
0.1242329601311948
0.1242329601311948
0.1242329601311948
0.1242329601311948
0.1242329601311948
0.1242329601311948
0.12423245391442107
0.12423245391442107
0.12423245391442107
0.12423231850535212
0.12423231850535212
0.12423187991029568
0.12423187991029568
0.12423187991029568
0.12423187991029568
0.12423187991029568
0.12423187991029568
0.1242317790611737
0.1242317790611737
0.12423154663630533
0.12423154663630533
0.12423154663630533
0.12423154663630533
0.12423154663630533
0.12423154663630533
0.12423154663630533
0.12423140022192626
0.12423140022192626
0.12423139815593383
0.12423139815593383
0.12423139815593383
0.12423139815593383
0.12423139815593383
0.12422895026885049
0.12422866866703845
0.12422832637559564
0.1242275572475795
0.12422755723273374
0.12421941223634221
0.12421391557815122
0.1229149095627648
0.1229149095627648
0.1229149095627648
0.12266351921753675
0.12264919321552682
0.12262962580637467
0.12262962580637467
0.12262950851843733
0.12262484432867056
0.12262415253152788
0.12262413845775008
0.12261964555741858
0.12261944151688495
0.12261944151688495
0.12261944151688495
0.12261944151688495
0.12261944151688495
0.12261944151688495
0.12261944151688495
0.12261944151688495
0.12261944151688495
0.12208037140269042
0.12208037140269042
0.12208037140269042
0.12203497750216334
0.12195481187733498
0.12187725417029195
0.12187207791133599
0.12143518615652678
0.12143404292261062
0.1214327514059248
0.121291106589738
0.12127188738163425
0.12125952563469432
0.12122389598770826
0.12122389598770826
0.12122389598770826
0.12122389598770826
0.1212238895476119
0.12121792620860045
0.12121583322949196
0.12121542435227917
0.12121515106276323
0.12121515106276323
0.12121515106276323
0.12016849449783838
0.12016849449783838
0.12016849449783838
0.12014528392365262
0.12014340433893023
0.12014340433893023
0.12014340433893023
0.12014340433893023
0.11087690787875486
0.11087690787875486
0.11087690787875486
0.11087690787875486
