ID: 20231201123519_8936

Problem: dtlz7
Number of objects: 3
Number of variables: 3

Algorithm choice: 2
Rate: 0.5
Population size: 15
Maximum number of function evaluations: 300

IGD: 0.11087690787875486
GD: 0.023099668446128294
HV: 0.9707864604254044
Time cost: 1359.0939507484436

non_dom_solutions:
[0.003406614997368808, 0.2960127800831523, 0.002570949316473531]
[0.004025439592828195, 0.6797258898135864, 0.0063786818938298216]
[0.0024096892296943118, 0.7648675840335206, 0.0012049409110349773]
[0.0023992643077231372, 0.7514019742464029, 6.822733768268555e-06]
[0.05414541663515707, 0.7648675840335206, 0.0012049409110349773]
[0.0024099652470703603, 0.7697492872340777, 6.822733768268555e-06]
[0.20256169112082892, 0.7648675840335206, 0.010359251109274084]
[0.0002709434531920178, 0.13967155258298158, 6.822733768268555e-06]
[0.3823534166182809, 0.8741497255140445, 3.598108165717498e-05]
[0.0002563931405678355, 0.7576953684416027, 6.822733768268555e-06]
[0.002351366629867867, 0.7514019742464029, 0.00238366805390367]
[0.0002908621757902255, 0.7667171885080952, 3.061441102431039e-05]
[0.0002709434531920178, 0.007528486046231686, 6.822733768268555e-06]
[0.0002709434531920178, 0.00010280070659307583, 6.512032955301975e-06]
[8.958447225253241e-07, 0.00010280070659307583, 2.0852646742883484e-06]
[0.0016485054399925508, 0.8909752931785048, 1.7336053911611027e-06]
[0.5868562374629959, 0.8261213391647467, 3.598108165717498e-05]
[0.8593502540692136, 0.8016141268669562, 6.04168636459566e-05]
[0.785033773388507, 0.80017814991367, 4.214351678148907e-07]
[0.6920899873761887, 0.8544022182886974, 0.00013066968488653543]
[0.7849670261731121, 0.8741497255140445, 1.1356675027692127e-08]
[0.6602827436459557, 0.7170884324315019, 7.848864603557295e-05]
[0.8593502540692136, 0.7058830803145005, 2.8249746781577705e-05]
[0.7853424005311774, 0.6697373732362473, 1.2685357009450775e-05]
[0.7853424005311774, 0.6224015723589666, 1.2685357009450775e-05]
[0.7494673276946582, 0.6195590216209136, 1.932909214202687e-06]
[0.6438953150133568, 0.6436040766586736, 2.095814878594677e-05]
[0.7755157959310398, 0.8741497255140445, 1.1356675027692127e-08]
[0.6787279549945755, 0.6734667707909344, 1.1356675027692127e-08]
[0.7877284029233991, 0.8631591531399109, 1.2685357009450775e-05]
[0.7177709940380512, 0.6186100657953756, 1.2685357009450775e-05]
[0.7261832538741543, 0.609576905149233, 2.8249746781577705e-05]
[0.7440870342243959, 0.6697373732362473, 1.2685357009450775e-05]
[2.815919748593021e-07, 0.7903883090499858, 0.05202253203029989]
[0.7309191531615274, 0.6688086694888533, 1.1356675027692127e-08]
[0.7485867920032105, 0.9095085483716441, 2.0852646742883484e-06]
[1.3061567040104083e-07, 3.5717480240116117e-07, 6.132735714162367e-09]
[0.7172427344245924, 0.6564818216759732, 1.2821302931746024e-05]
[0.7059398574017776, 0.6939658286594462, 0.0010981893622747513]
[0.8605222131199602, 0.7763711609413775, 2.8151513822200064e-05]
[0.7553953910941911, 0.9094040759304118, 6.734182558118294e-08]
[0.008872581340068464, 0.7454152438744122, 2.869614640589016e-05]
[1.3061567040104083e-07, 1.3954587485542902e-08, 6.132735714162367e-09]
[0.8874069834466033, 0.7319612475810395, 4.603753015687487e-07]
[0.8906404726811356, 0.6036729459819131, 3.7706772650719644e-05]
[0.8335515150699123, 0.8143775219923354, 6.04168636459566e-05]
[0.8899658659392515, 0.3813390203919972, 6.04168636459566e-05]
[3.563263829484131e-08, 1.3954587485542902e-08, 6.132735714162367e-09]
[0.757733932220691, 0.8907958937121075, 2.0852646742883484e-06]
[0.8297103278367172, 0.8178886104264019, 6.207575262078567e-05]
[0.6548405446860132, 0.7011601310841252, 7.405122202955736e-09]
[0.8256583167223621, 0.8249488035807403, 4.638491309122243e-06]
[0.6548405446860132, 0.7273814584990129, 0.000884108607877708]
[0.848339272865594, 0.7415534152679188, 6.207575262078567e-05]
[0.8297103278367172, 0.0010525707057358336, 0.009430609237265066]
[0.6548405446860132, 0.7178984327357858, 0.0006990003801594855]
[0.6550561406173094, 0.7061759660110591, 7.712936053981691e-10]
[0.6804685257474345, 0.7162734064239225, 0.0008993796636177179]
[0.6765152519778236, 0.7094632727230747, 0.0008144493084302998]
[0.6622121730755437, 0.7061759660110591, 7.712936053981691e-10]
[0.6820388839575788, 0.7061759660110591, 6.969030092951359e-08]
[0.6814699455218054, 0.6996454696428072, 0.000940454990692413]
[0.8092325082967147, 0.8178886104264019, 1.704469404676122e-06]
[0.757733932220691, 0.019121427793952483, 1.5596182903130061e-06]
[0.6923750870226724, 0.6996454696428072, 0.000940454990692413]
[0.6923750870226724, 0.6958811186818111, 6.084317106572722e-07]
[0.6954730888196723, 0.019121427793952483, 1.4663441952590455e-05]
[4.48686386425202e-09, 1.7130691836350764e-08, 6.132735714162367e-09]
[0.6923750870226724, 0.6887682694379762, 4.553634028917438e-05]
[0.7918665403400135, 0.754102233173489, 4.593329856004207e-07]
[0.8292612066481071, 0.8393414990282697, 1.3156573182008395e-06]
[0.8058066084675278, 0.8178886104264019, 6.207575262078567e-05]
[0.8077368602238398, 0.8023168951843551, 6.207575262078567e-05]
[0.7918665403400135, 0.7878074860439962, 4.593329856004207e-07]
[0.8036269594273243, 0.8178886104264019, 1.9474841230420498e-06]
[0.8627003639967843, 0.7726635759995247, 6.207575262078567e-05]
[3.563263829484131e-08, 0.8179361200886435, 1.0055597314943707e-06]
[1.5594946122660103e-08, 0.8184364705949039, 0.011461027747911346]
[0.818475937120416, 0.8605520646662838, 6.207575262078567e-05]
[0.8197012350617263, 0.8633674829009937, 6.207575262078567e-05]
[3.814260340561402e-09, 1.962620399531545e-09, 6.132735714162367e-09]
[0.8470686403460957, 0.7597692325917069, 3.98277698891366e-05]
[0.837642244769864, 0.8573501749329304, 4.603753015687487e-07]
[0.8304647306063517, 0.8371618370170604, 2.088798055422392e-06]
[0.8290969447891615, 0.8250403159248515, 1.3199702473734067e-06]
[0.8190184790282865, 0.828336810852661, 4.6238218889135584e-07]
[0.8198182479438034, 0.8444223736756806, 6.215643552525764e-07]
[0.8195668483545664, 0.8460916368713478, 1.3156573182008395e-06]
[0.0065469249275061925, 0.6791877702292898, 6.1374345728341245e-06]
[0.8304647306063517, 0.8221432394939323, 2.088798055422392e-06]
[0.8304647306063517, 0.8285007372532498, 2.088798055422392e-06]
[0.8275181629435031, 0.8287996141047325, 2.0852646742883484e-06]
[0.8269769105147162, 0.8315110844611932, 2.0852646742883484e-06]
[0.8254268709991242, 0.830970612769647, 6.130961280381596e-06]
[0.8258138334297874, 0.8270164303123335, 1.3156573182008395e-06]
[0.8273203654731921, 0.8312379320828981, 4.2111717968741323e-07]
[0.826642097196, 0.8298145968376147, 7.031904296620632e-07]
[0.8255468067928666, 0.8283470378473514, 4.603753015687487e-07]
[0.8270917891009345, 0.829316717395947, 7.673764396065173e-07]
[0.8242035555639442, 0.8337004443377584, 4.603753015687487e-07]
[0.8261976359665576, 0.8313606817720934, 1.0002625712274286e-06]
[0.8247324757729917, 0.8325012926752644, 4.5588573658483197e-07]
[0.8231152501347277, 0.832998478161412, 6.1374345728341245e-06]
[0.8272853523489253, 0.8338206679368373, 4.975461215708992e-09]
[0.8197012350617263, 0.8302746278838486, 6.207575262078567e-05]
[0.8264440169774554, 0.8323027588282921, 2.0544733961888172e-06]
[0.823646703730039, 0.8334422691370121, 4.603753015687487e-07]
[0.8277928481784115, 0.8351321931859651, 2.0852184129577446e-06]
[0.8252539671254653, 0.8328252448466378, 3.636386048217269e-06]
[0.8224986670090424, 0.8304672088655473, 6.589537923536566e-07]
[0.8292612066481071, 0.8299488865385654, 1.3194528468975795e-06]
[0.8240901474614741, 0.8325479875046198, 1.696097633686056e-06]
[0.825022599921701, 0.8350234792076896, 6.529976445383223e-09]
[0.8277444633777505, 0.8277401809068894, 1.3156573182008395e-06]
[0.8243255363276528, 0.826910183705443, 2.088798055422392e-06]
[0.8263502913389058, 0.8281246637577885, 4.034716894834006e-08]
[0.8213593524301824, 0.8290555107408308, 6.09025316128728e-05]
[0.8241023301610703, 0.8291503578685273, 3.98277698891366e-05]
[0.8292612066481071, 0.8286580036763254, 1.3156573182008395e-06]
[0.8197197378592341, 0.8276798722375376, 4.789256478058427e-07]
[0.8226194164589008, 0.8312215746533177, 6.207575262078567e-05]
[0.8242681972542085, 0.8357184782293147, 7.853858828710645e-08]
[0.8239468920436207, 0.8321681053634498, 2.088798055422392e-06]
[0.8273557797527874, 0.8255575559048333, 5.417259609859747e-05]
[0.8291147007379037, 0.8298910084797413, 4.554995779684037e-07]
[0.8276920001439352, 0.8339039875410087, 3.9890170999865424e-05]
[0.8177542971306037, 0.8372063831986946, 1.3156573182008395e-06]
[0.8197012350617263, 0.8422304161108177, 1.3541816975078366e-06]
[0.819773917580887, 0.8347336795480681, 9.852562037546396e-07]
[0.8309145451249637, 0.8369065331855097, 1.6939929060945298e-06]
[0.8019362779427623, 0.8230256432054287, 1.6939929060945298e-06]
[0.8068655478918128, 0.8278399470865508, 1.3156573182008395e-06]
[0.6759004283384251, 0.8084949730483239, 2.0794397342169843e-06]
[0.8290523781907709, 0.837562467736082, 2.0582034631414897e-08]
[0.7274081830894046, 0.8640899320294584, 4.398191145935347e-07]
[0.7011144047460331, 0.8690796290480711, 4.398191145935347e-07]
[0.7031197221972055, 0.8637035709358573, 4.398191145935347e-07]
[0.6983128183658515, 0.867830372485851, 4.70552828187388e-07]
[0.7045374019616124, 0.8691222627874632, 1.3372253660088951e-08]
[0.7142384257947294, 0.8714692374074772, 6.1374345728341245e-06]
[0.6987906413150172, 0.864125100698712, 6.734182558118294e-08]
[0.6987598689371408, 0.8640899320294584, 1.4319911055574606e-08]
[0.7054350097012951, 0.8640899320294584, 4.352199422817448e-07]
[0.6961997455008133, 0.866995212378365, 4.398191145935347e-07]
[0.7002587597964326, 0.8657218076451995, 6.444905085157206e-08]
[0.7050890327168078, 0.8676927939366802, 2.088770784083903e-06]
[3.48667626484279e-09, 0.8852062606268297, 0.10930521272435839]
[0.6648667836822882, 0.7597692325917069, 6.17594845194627e-05]
[0.8294345733317326, 0.7415534152679188, 6.240873676829506e-05]
[0.8306497246083384, 0.7275363997695607, 1.3179625369415546e-06]
[0.781343943393563, 0.7832849392651489, 4.729410735014367e-07]
[0.8310155768230709, 0.7329382763332399, 1.6866763288871581e-06]
[0.7987383768911991, 0.7217650513181962, 2.0852646742883484e-06]
[0.8310155768230709, 0.7357822508634518, 1.6866763288871581e-06]
[0.8287716352740836, 0.7328920948081086, 4.342211792318493e-07]
[0.782220232192384, 0.7417601156926058, 1.4423370995539618e-06]
[0.8297635633375322, 0.7203982727280488, 1.6866763288871581e-06]
[0.795532802755274, 0.7444899257699142, 5.407402986044394e-07]
[0.8242604777793434, 0.7597692325917069, 2.7119393665445344e-05]
[0.8375238612008633, 0.7462376178525658, 6.200772957966622e-05]
[0.8402257557651631, 0.7473102989209632, 2.7346307185936544e-05]
[0.8402522688494668, 0.7451399012874221, 2.7346307185936544e-05]
[0.8375122772561934, 0.7446819971614453, 1.4227130544828122e-06]
[0.8402522688494668, 0.7445010151302021, 1.0979428167737279e-05]
[0.8838529855854823, 0.8071367921640997, 1.3156573182008395e-06]
[0.893406181157507, 0.0007239604631441576, 7.953495573580937e-08]
[0.7867228609742254, 0.8700185381854302, 1.6939929060945298e-06]
[0.757733932220691, 0.0016860172165400478, 2.1144257420279504e-06]
[0.8111045456708836, 0.8157883351816978, 3.98277698891366e-05]
[0.8292612066481071, 0.8328481326667424, 1.3156573182008395e-06]
[0.8197335545230887, 0.8288168023864, 4.603753015687487e-07]
[0.8260909741512314, 0.8256639564319727, 1.3199894262464017e-06]
[0.8061978984786038, 0.10393330429511405, 3.775318276417669e-08]
[0.8292800449209777, 0.8261472600978171, 2.0162267024805514e-06]
[0.8293372720046082, 0.823230002678145, 1.3232522372478418e-06]
[0.8292612066481071, 0.82401416182129, 1.300660854335006e-06]

non_dom_solutions_y:
[3.40661500e-03 2.96012780e-01 5.66790164e+00]
[4.02543959e-03 6.79725890e-01 5.40487061e+00]
[2.40968923e-03 7.64867584e-01 4.65412214e+00]
[2.39926431e-03 7.51401974e-01 4.70803337e+00]
[0.05414542 0.76486758 4.575994  ]
[2.40996525e-03 7.69749287e-01 4.59234967e+00]
[0.20256169 0.76486758 4.51011087]
[2.70943453e-04 1.39671553e-01 5.72506568e+00]
[0.38235342 0.87414973 4.10463564]
[2.56393141e-04 7.57695368e-01 4.66904489e+00]
[2.35136663e-03 7.51401974e-01 4.77225824e+00]
[2.90862176e-04 7.66717189e-01 4.61331599e+00]
[2.70943453e-04 7.52848605e-03 5.99185036e+00]
[2.70943453e-04 1.02800707e-04 5.99980129e+00]
[8.95844723e-07 1.02800707e-04 5.99995251e+00]
[1.64850544e-03 8.90975293e-01 4.34469879e+00]
[0.58685624 0.82612134 4.16474599]
[0.85935025 0.80161413 2.74096122]
[0.78503377 0.80017815 2.94827884]
[0.69208999 0.85440222 3.45517402]
[0.78496703 0.87414973 2.82580505]
[0.66028274 0.71708843 4.33636279]
[0.85935025 0.70588308 3.34688524]
[0.7853424  0.66973737 3.81951234]
[0.7853424  0.62240157 4.13842017]
[0.74946733 0.61955902 4.36986262]
[0.64389532 0.64360408 4.98899234]
[0.7755158  0.87414973 2.87687305]
[0.67872795 0.67346677 4.52768467]
[0.7877284  0.86315915 2.80409602]
[0.71777099 0.61861007 4.60216264]
[0.72618325 0.60957691 4.59108131]
[0.74408703 0.66973737 4.0711122 ]
[2.81591975e-07 7.90388309e-01 5.88769332e+00]
[0.73091915 0.66880867 4.17071261]
[0.74858679 0.90950855 3.13471616]
[1.30615670e-07 3.57174802e-07 5.99999968e+00]
[0.71724273 0.65648182 4.36045425]
[0.70593986 0.69396583 4.19778777]
[0.86052221 0.77637116 2.86429073]
[0.75539539 0.90940408 3.08907679]
[0.00887258 0.74541524 4.74191827]
[1.30615670e-07 1.39545875e-08 6.00000002e+00]
[0.88740698 0.73196125 3.18346275]
[0.89064047 0.60367295 4.08055832]
[0.83355152 0.81437752 2.7187368 ]
[0.88996587 0.38133902 4.13085732]
[3.56326383e-08 1.39545875e-08 6.00000012e+00]
[0.75773393 0.89079589 3.01480776]
[0.82971033 0.81788861 2.7156115 ]
[0.65484054 0.70116013 4.49288755]
[0.82565832 0.8249488  2.70364451]
[0.65484054 0.72738146 4.32060653]
[0.84833927 0.74155342 3.09091583]
[8.29710328e-01 1.05257071e-03 4.59462644e+00]
[0.65484054 0.71789843 4.38564786]
[0.65505614 0.70617597 4.45338413]
[0.68046853 0.71627341 4.21646209]
[0.67651525 0.70946327 4.29484253]
[0.66221217 0.70617597 4.40248371]
[0.68203888 0.70617597 4.25639734]
[0.68146995 0.69964547 4.33553017]
[0.80923251 0.81788861 2.77523995]
[0.75773393 0.01912143 4.64636321]
[0.69237509 0.69964547 4.25327077]
[0.69237509 0.69588112 4.25644515]
[0.69547309 0.01912143 5.09586824]
[4.48686386e-09 1.71306918e-08 6.00000014e+00]
[0.69237509 0.68876827 4.31152596]
[0.79186654 0.75410223 3.1684415 ]
[0.82926121 0.8393415  2.66478606]
[0.80580661 0.81788861 2.78990118]
[0.80773686 0.8023169  2.83899548]
[0.79186654 0.78780749 2.97178473]
[0.80362696 0.81788861 2.79696268]
[0.86270036 0.77266358 2.88669024]
[3.56326383e-08 8.17936120e-01 4.37275201e+00]
[1.55949461e-08 8.18436471e-01 4.68062808e+00]
[0.81847594 0.86055206 2.67979179]
[0.81970124 0.86336748 2.67665341]
[3.81426034e-09 1.96262040e-09 6.00000016e+00]
[0.84706864 0.75976923 2.9698989 ]
[0.83764224 0.85735017 2.63258814]
[0.83046473 0.83716184 2.66565167]
[0.82909694 0.82504032 2.69494068]
[0.81901848 0.82833681 2.71366272]
[0.81981825 0.84442237 2.68278474]
[0.81956685 0.84609164 2.6817165 ]
[0.00654692 0.67918777 5.23406319]
[0.83046473 0.82214324 2.69971193]
[0.83046473 0.82850074 2.68328815]
[0.82751816 0.82879961 2.68941977]
[0.82697691 0.83151108 2.68468649]
[0.82542687 0.83097061 2.68986721]
[0.82581383 0.82701643 2.69791319]
[0.82732037 0.83123793 2.68438502]
[0.8266421 0.8298146 2.6892051]
[0.82554681 0.82834704 2.69536129]
[0.82709179 0.82931672 2.68922849]
[0.82420356 0.83370044 2.68725871]
[0.82619764 0.83136068 2.68692174]
[0.82473248 0.83250129 2.68827851]
[0.82311525 0.83299848 2.69175636]
[0.82728535 0.83382067 2.67914049]
[0.81970124 0.83027463 2.70882538]
[0.82644402 0.83230276 2.68434269]
[0.8236467  0.83344227 2.68926495]
[0.82779285 0.83513219 2.67545455]
[0.82525397 0.83282524 2.68634067]
[0.82249867 0.83046721 2.69867352]
[0.82926121 0.82994889 2.68264827]
[0.82409015 0.83254799 2.68991737]
[0.8250226  0.83502348 2.68254346]
[0.82774446 0.82774018 2.69136406]
[0.82432554 0.82691018 2.70206853]
[0.82635029 0.82812466 2.69383781]
[0.82135935 0.82905551 2.70671307]
[0.82410233 0.82915036 2.69833109]
[0.82926121 0.828658   2.6856121 ]
[0.81971974 0.82767987 2.71312628]
[0.82261942 0.83122157 2.69834893]
[0.8242682  0.83571848 2.68324644]
[0.82394689 0.83216811 2.69109862]
[0.82735578 0.82555756 2.69916452]
[0.8291147  0.82989101 2.68309285]
[0.827692   0.83390399 2.67906673]
[0.8177543  0.83720638 2.69947092]
[0.81970124 0.84223042 2.68588862]
[0.81977392 0.83473368 2.69776904]
[0.83091455 0.83690653 2.66509401]
[0.80193628 0.82302564 2.78885705]
[0.80686555 0.82783995 2.75670823]
[0.67590043 0.80849497 3.67047114]
[0.82905238 0.83756247 2.66811081]
[0.72740818 0.86408993 3.18642632]
[0.7011144  0.86907963 3.38594711]
[0.70311972 0.86370357 3.3677844 ]
[0.69831282 0.86783037 3.40630154]
[0.7045374  0.86912226 3.36003234]
[0.71423843 0.87146924 3.28906597]
[0.69879064 0.8641251  3.40074493]
[0.69875987 0.86408993 3.40096385]
[0.70543501 0.86408993 3.35038992]
[0.69619975 0.86699521 3.42179942]
[0.70025876 0.86572181 3.39030578]
[0.70508903 0.86769279 3.35489674]
[3.48667626e-09 8.85206261e-01 7.28452630e+00]
[0.66486678 0.75976923 4.00395185]
[0.82943457 0.74155342 3.12082408]
[0.83064972 0.7275364  3.21660979]
[0.78134394 0.78328494 3.04822448]
[0.83101558 0.73293828 3.17667482]
[0.79873838 0.72176505 3.36471009]
[0.83101558 0.73578225 3.15632594]
[0.82877164 0.73289209 3.18202845]
[0.78222023 0.74176012 3.30062778]
[0.82976356 0.72039827 3.27116802]
[0.7955328  0.74448993 3.21601468]
[0.82426048 0.75976923 3.01109609]
[0.83752386 0.74623762 3.07241106]
[0.84022576 0.7473103  3.05988442]
[0.84025227 0.7451399  3.07466504]
[0.83751228 0.744682   3.08145409]
[0.84025227 0.74450102 3.07861342]
[0.88385299 0.80713679 2.74084081]
[8.93406181e-01 7.23960463e-04 4.35186813e+00]
[0.78672286 0.87001854 2.8127467 ]
[7.57733932e-01 1.68601722e-03 4.66721416e+00]
[0.81110455 0.81578834 2.77615234]
[0.82926121 0.83284813 2.6764362 ]
[0.81973355 0.8288168  2.71038691]
[0.82609097 0.82566396 2.70060544]
[0.8061979  0.1039333  4.22360333]
[0.82928004 0.82614726 2.69169889]
[0.82933727 0.82323    2.69921865]
[0.82926121 0.82401416 2.69727134]
