0.8947781269275581
0.8947781269275581
0.8947781269275581
0.8947781269275581
0.8947781269275581
0.8947781269275581
0.8947781269275581
0.8947781269275581
0.8947781269275581
0.8947781269275581
0.8947781269275581
0.8947781269275581
0.8947781269275581
0.8947781269275581
0.8947781269275581
0.8947781269275581
0.8947781269275581
0.8947781269275581
0.8947781269275581
0.8947781269275581
0.8947781269275581
0.8947781269275581
0.8947781269275581
0.8947781269275581
0.8947781269275581
0.8947781269275581
0.8947781269275581
0.8947781269275581
0.8947781269275581
0.8947781269275581
0.8947781269275581
0.8947781269275581
0.8947781269275581
0.8947781269275581
0.8947781269275581
0.8947781269275581
0.8947781269275581
0.8947781269275581
0.8947781269275581
0.8947781269275581
0.8947781269275581
0.8947781269275581
0.8947781269275581
0.8947781269275581
0.8947781269275581
0.8947781269275581
0.8947781269275581
0.8947781269275581
0.8947781269275581
0.8947781269275581
0.8947781269275581
0.8947781269275581
0.8947781269275581
0.8947781269275581
0.7300901454360967
0.7300901454360967
0.7300901454360967
0.7300901454360967
0.7245221198984114
0.7245221198984114
0.7245221198984114
0.7245221198984114
0.7245221198984114
0.7245221198984114
0.5963902162914082
0.5963902162914082
0.5963902162914082
0.5963902162914082
0.5095741431665258
0.5095741431665258
0.5095741431665258
0.5095741431665258
0.5095741431665258
0.5095741431665258
0.5095741431665258
0.5095741431665258
0.5095741431665258
0.5095741431665258
0.5079721945980462
0.49604183302964916
0.49604183302964916
0.49604183302964916
0.4942086597377541
0.4942086597377541
0.4942086597377541
0.4921968776058043
0.4698616529848997
0.4595215980831818
0.4543945783618047
0.4543945783618047
0.45046079139429085
0.5440970969146336
0.49923035156586476
0.49923035156586476
0.49923035156586476
0.49923035156586476
0.49923035156586476
0.49923035156586476
0.49824023446433024
0.4917334725517296
0.48666533106205023
0.486582630851646
0.48272987479501483
0.47531030024016374
0.47523200012922046
0.47511305947135984
0.4750948637662557
0.47205826564832853
0.4719579825202737
0.4719528279940786
0.47192634766803526
0.47192634766803526
0.4718534586676592
0.47185310005134556
0.47183368481392307
0.47183340306545474
0.46109442182616617
0.4611604897607126
0.4611604746763283
0.4611381018777892
0.4611380984404319
0.46113574833961996
0.4611357418897426
0.45658675024128437
0.45657261759003553
0.45657261759003553
0.45657261759003553
0.45657261759003553
0.4565726132749421
0.4565726132749421
0.45657262115279285
0.45657262115279285
0.45649189722456246
0.45649189722456246
0.449425561006267
0.4487094542562398
0.4487094542562398
0.4487094542562398
0.4487094524598455
0.4487094517152308
0.4487094517152308
0.4487094517152308
0.4487094514104181
0.4487094514104181
0.4487094467926552
0.4487094466927691
0.4487094466267824
0.44870944657778705
0.44870944657778705
0.44870944657778705
0.44870944650894556
0.4475869190894039
0.44758691906599796
0.44758663301974955
0.447586580481549
0.44758658047084565
0.44758657829063797
0.4475865782865093
0.4475865782865093
0.4475478952391379
0.4482263998690154
0.44822638508775825
0.44822638508775825
0.44729172064494926
0.44729172064494926
0.44729172064494926
0.44729172064494926
0.4472909824842837
0.4472909824842837
0.4463047131913652
0.4463047131913652
0.4463047131913652
0.44630416206164814
0.44630416206164814
0.44630416206164814
0.44630416206164814
0.44630416206164814
0.44630416206164814
0.44630416206164814
0.4463041621486425
0.4463017775823778
0.4463017775823778
0.4463017775823778
0.4462888860886255
0.4462888860886255
0.4462888860886255
0.4462888860886255
0.4462877449136963
0.4462877449136963
0.4462877449136963
0.4462877449128271
0.4462877449128271
0.4462877449128271
0.4462877449128271
0.4462877449128271
0.4462638595503041
0.42644084049781483
0.42644084049781483
0.42644084049781483
0.42644084049781483
0.42644084049781483
0.42644075868672354
0.4264407586866758
0.4264407586866758
0.4060823169066339
0.4060823169066339
0.4060823169066339
0.4060823169066339
0.4060823169066339
0.4060823169066339
0.4060823169066339
0.4060823169066339
0.4060823169066339
0.4059432951362654
0.4059432951362654
0.4059432951362654
0.4059432951362654
0.4059432951362654
0.4059432951362654
0.4059432951362654
0.4059432951362654
0.4059432951362654
0.4059432951357715
0.4059432951357715
0.4059432951357715
0.4059432951357715
0.40594329513545385
0.40594329513545385
0.4055333894496037
0.4055333894496037
0.4055333894496037
0.4055333894496037
0.40551743168896665
0.40551743168896665
0.40551743168896665
0.40551743168896665
0.40551743168896665
0.4055174316871356
0.4055174316871356
0.4055174316871356
0.4055174316871356
0.4055174316871356
0.4055174316871356
0.4055174316871356
0.4055174316871356
0.4055174316871356
0.4055174316871356
0.4055174316871356
0.4055174316871356
0.40549045402614226
