8.91889412219497
8.91889412219497
8.91889412219497
8.91889412219497
8.91889412219497
8.91889412219497
8.91889412219497
8.91889412219497
8.91889412219497
8.91889412219497
8.91889412219497
8.91889412219497
8.91889412219497
8.91889412219497
8.91889412219497
8.91889412219497
8.91889412219497
8.91889412219497
8.91889412219497
8.91889412219497
8.91889412219497
8.91889412219497
8.91889412219497
8.91889412219497
8.91889412219497
8.91889412219497
8.91889412219497
8.91889412219497
8.91889412219497
8.91889412219497
8.91889412219497
8.91889412219497
8.91889412219497
8.91889412219497
8.91889412219497
1.536724172241956
1.536724172241956
1.536724172241956
1.536724172241956
1.536724172241956
1.536724172241956
1.536724172241956
1.536724172241956
1.536724172241956
1.536724172241956
1.536724172241956
1.536724172241956
1.536724172241956
1.536724172241956
1.536724172241956
