0.6131066928822415
0.6131066928822415
0.6131066928822415
0.6131066928822415
0.6131066928822415
0.6131066928822415
0.6131066928822415
0.6131066928822415
0.6131066928822415
0.6131066928822415
0.6131066928822415
0.6131066928822415
0.6131066928822415
0.6131066928822415
0.6131066928822415
0.6131066928822415
0.6131066928822415
0.6131066928822415
0.6131066928822415
0.6131066928822415
0.6131066928822415
0.6131066928822415
0.6131066928822415
0.6131066928822415
0.6131066928822415
0.6131066928822415
0.6131066928822415
0.6131066928822415
0.6131066928822415
0.6131066928822415
0.6131066928822415
0.6131066928822415
0.6131066928822415
0.6131066928822415
0.6131066928822415
0.6131066928822415
0.6131066928822415
0.6131066928822415
0.6131066928822415
0.6131066928822415
0.6131066928822415
0.6131066928822415
0.6131066928822415
0.6131066928822415
0.6131066928822415
0.6131066928822415
0.6131066928822415
0.6131066928822415
0.5492197533561023
0.5492197533561023
0.5492197533561023
0.5492197533561023
0.5490979086274574
0.5490979086274574
0.5490979086274574
0.48478713475626334
0.48478713475626334
0.48478713475626334
0.46285984518867096
0.4560501976028284
0.4495488024800484
0.4335103100262849
0.4201975308336423
0.4201975308336423
0.4201975308336423
0.4099296918469392
0.4099296918469392
0.4099296918469392
0.4075933089844329
0.4021069009615182
0.4021069009615182
0.4021069009615182
0.4021069009615182
0.4021069009615182
0.4021069009615182
0.4021069009615182
0.3893995664176194
0.3893995664176194
0.3893995664176194
0.3893995664176194
0.3893995664176194
0.3893995664176194
0.3893995664176194
0.3893995664176194
0.39965292039365435
0.39965292039365435
0.39965292039365435
0.39965292039365435
0.39965292039365435
0.397159630115395
0.397159630115395
0.397159630115395
0.397159630115395
0.397159630115395
0.397159630115395
0.397159630115395
0.397159630115395
0.397159630115395
0.397159630115395
0.397159630115395
0.397159630115395
0.39712010962543587
0.3878711676922939
0.3878660017243186
0.3878660017243186
0.3878660017243186
0.3878660017243186
0.38786568124394866
0.3878163569417388
0.3878163569417388
0.387819126881573
0.387819126881573
0.3878188885554605
0.3878188854332896
0.3878188840924859
0.38781888382418167
0.38781888371949524
0.38781295112863173
0.3878129510815146
0.3878129510803787
0.3878082028955252
0.3878082028955252
0.3878082028955252
0.3878082028955252
0.38780820289536183
0.38780820289536183
0.38780820289536183
0.3878082028940418
0.3878082028940418
0.3878082028940418
0.3878082028940418
0.3878082028940418
0.3878079091352517
0.3878079050397937
0.38780790503974993
0.38780790503974993
0.38780790503974993
0.38780790503974993
0.38780790503974993
0.3878079050389971
0.3878079050389971
0.38780790503355606
0.38780790503355606
0.38780790503355606
0.38780790503355606
0.3878079049753598
0.3878079049753598
0.3878079049753598
0.3878079049753598
0.38770033322404535
0.3877117566076063
0.38730188689195266
0.38730188689195266
0.3873009605968292
0.3873009605968292
0.3873009605968292
0.3873009605968292
0.3873009605968292
0.3873009605968292
0.3873009605968292
0.3873009605968292
0.3873009605968292
0.3873009605968292
0.3873009605968292
0.3873009605968292
0.3873009605968292
0.3873009605968292
0.3873009605968292
0.3873009605968292
0.3873009605968292
0.3873009605968292
0.3873009605968292
0.3873009605968292
0.3873009605968292
0.3873009605968292
0.3873009605968292
0.3873009605968292
0.3873009605968292
0.3873009605968292
0.3873009605968292
0.3873009605968292
0.3873009605968292
0.3873009605968292
0.3873009605968292
0.3873009605968292
0.3873009605968292
0.3873009605968292
0.38729850777097324
0.38729533729330323
0.38729533729330323
0.38655088682411015
0.38655088682411015
0.3863644552372067
0.3863644552372067
0.3863644552372067
0.3863644552372067
0.3863644552372067
0.3863644552372067
0.3863644552372067
0.3863644552372067
0.3863644552372067
0.3863644552372067
0.38636293941629674
0.38636293941629674
0.38636293941629674
0.38636293941594196
0.38636293941594196
0.38636293941594196
0.38636293941594196
0.3863625536722197
0.3863625536722197
0.3863625536722197
0.3863625536722197
0.3863625536722197
0.3863625536722197
0.3863625536722197
0.3863625536722197
0.3863625536722197
0.3863625536722197
0.3863625536722197
0.3863625536722197
0.38636057833512827
0.38636057833512827
0.38634864181650364
0.38634864181650364
0.38634864181650364
0.38634864181650364
0.3863461785358694
0.3863461785358694
0.3863461785358694
0.3863449331595774
0.3863449331595774
0.3863449331595774
0.3863449331595774
0.3863449331595774
0.3884664065323575
0.3861419950916659
0.3861419950916659
0.3861419950916659
0.3861419950916659
0.3861419950916659
0.38613109848441135
0.38613109848441135
0.38609753744871944
0.38609753744871944
0.38609753744871944
0.38609753744871944
0.38609753744871944
0.38609753744871944
0.38609753744838227
0.38609753744838227
0.38609753744838227
0.38609753744838227
0.38609753744838227
0.38609753744838227
0.38609753744838227
0.38609753744838227
0.38609753744838227
0.38609753744838227
0.3860974491272469
0.3860974491272469
0.38609616043692685
0.3860958854099278
0.3860958854099278
0.3860958854099278
0.3860958854099278
0.3860958854099278
0.3860958854099278
0.3860958854099278
0.3860958854099278
0.3860958854099278
0.38600241348814635
0.38600241348814635
0.38600241348814635
0.38600241348814635
0.38600241348814635
0.38600241348814635
0.38600241348814635
0.38600241348814635
0.38600241348814635
0.386002331411876
0.386002331411876
0.386002331411876
0.38600190452619243
0.38600190452619243
0.38600190452619243
0.38600190452619243
0.3860010610264482
0.3860010610264482
0.38406907511785254
0.38406907511785254
0.38406907511785254
0.38406907511785254
0.3840678699519249
0.3840678699519249
0.3840678699519249
0.3840678699519249
0.3840678699519249
0.3840678699519249
0.3840678699519249
