ID: 20231203173221_21948

Problem: dtlz7
Number of objects: 3
Number of variables: 3

Algorithm choice: 2
Algorithm phase strategy: local + global
First phase rate: 0.5
Population size: 15
Maximum number of function evaluations: 300

IGD: 0.3840678699519249
GD: 0.048624617866138614
HV: 0.5137137279123195
Time cost: 984.9731631278992

non_dom_solutions:
[0.6450674086846988, 0.6424469293760557, 0.009997239879141945]
[0.8716322472255987, 0.09073683865288412, 0.05072258267945561]
[0.24068165490507232, 0.003636604725897663, 0.0017721435631254112]
[0.23711795015015166, 0.06437900970703833, 0.006369644322736158]
[0.3755040073466708, 0.3445728376931926, 0.0016515306383408732]
[0.3286316494130488, 0.07443193750264931, 0.00035403516471552154]
[0.03351216902351414, 0.03269756986359229, 0.0003590555437636145]
[1.1080047051435782e-05, 8.321804691431046e-06, 1.8711452816585122e-07]
[7.233623827380624e-09, 0.006489714556704527, 5.092403371800828e-06]
[6.036567494573812e-07, 0.012094406103532278, 1.979197374572205e-07]
[0.04122700831316683, 2.121901712869793e-11, 0.06433994397179285]
[5.041991869119421e-09, 0.009867478538601251, 1.0629760818582288e-08]
[6.942797670918837e-09, 0.0007291272059924875, 1.0627891752296983e-08]
[7.233623827380624e-09, 0.0007513178663977891, 1.0629760818582288e-08]
[7.037274424491832e-09, 0.0463408167928796, 1.062730875508491e-08]
[0.025633418956764523, 6.771570517124286e-09, 8.810545694960402e-09]
[7.037143722693272e-09, 0.08744091109617623, 2.2657842663689337e-09]
[0.003055253885428421, 2.13787776538043e-09, 8.851351992021023e-09]
[6.55404439821743e-10, 5.622925467746327e-10, 8.824648438992335e-09]
[4.365705902530456e-09, 0.0006808546036930604, 8.79748865250669e-09]
[7.025009136987619e-09, 1.883825752643003e-09, 2.54136652423945e-09]
[7.02777849512635e-09, 0.0008274560447061224, 2.4871664083691387e-09]
[7.037274424491832e-09, 0.002623000154238664, 8.666959200324259e-09]
[0.00043977194306523955, 2.980734925624045e-09, 2.4730782011047404e-09]
[0.02661684101051034, 5.5560786503068255e-08, 2.377707033093041e-09]
[7.555741679470526e-10, 0.022850293346572823, 2.375046511710995e-09]
[0.12992160939670122, 0.020444116899922617, 2.3676980222141308e-09]
[7.047491385796117e-09, 0.11237612608017165, 2.370803043877571e-09]
[1.0660919559755759e-09, 7.924868022045698e-10, 2.3470059758300254e-09]
[7.06701038183801e-09, 0.08843031908784034, 2.042968801670447e-09]
[7.395305660349413e-10, 5.367019877951753e-08, 6.141005891761386e-11]
[7.03951195157449e-09, 0.02072947296216833, 2.375046511710995e-09]
[7.03949230271739e-09, 4.161654339608983e-09, 1.0434801641672992e-10]
[7.778341166981135e-10, 5.3680099761671663e-08, 6.141005891761386e-11]
[0.027353529906559714, 5.5560786503068255e-08, 2.375046511710995e-09]
[0.013817832336347017, 0.01688856954540194, 3.638260941286294e-11]
[0.01821576807638186, 5.3573488798060364e-08, 2.375046511710995e-09]
[7.778341166981135e-10, 1.3266708832372854e-08, 1.1004079075567309e-10]
[7.03949230271739e-09, 1.8978472862314869e-10, 0.051646596111676414]
[0.0110620764445591, 5.5560786503068255e-08, 2.375046511710995e-09]
[0.0017108332684167902, 3.0696477530790902e-09, 1.1004079075567309e-10]
[2.1980342255054973e-10, 0.1389353023887061, 6.11015993263189e-10]
[0.12396585976271772, 0.06833368634004758, 2.367542005368834e-09]
[0.03106768290816473, 1.264272345129346e-09, 9.395535734094186e-11]
[0.040671514137530625, 5.532494808488724e-08, 3.215472201349111e-10]
[7.0386919196824976e-09, 5.5560786503068255e-08, 1.619873372336362e-11]
[0.0022194193634336415, 5.563789885536259e-08, 7.357091388508732e-10]
[7.0386919196824976e-09, 5.5560786503068255e-08, 1.619873372336362e-11]
[5.556942076436446e-11, 2.4290243247384187e-09, 1.1240595767616782e-10]
[3.1083681819179695e-09, 0.020895228849228405, 8.908076549758357e-10]
[0.0016000342362863936, 5.367941036559235e-08, 6.108578126622579e-11]
[2.1980342255054973e-10, 0.00889028599354138, 7.357091388508732e-10]
[1.0338237592140012e-09, 5.372650671733903e-08, 5.760929706621573e-12]
[2.1980342255054973e-10, 5.26652242129936e-08, 1.6010068905766527e-10]
[0.003745161459035922, 5.3504679685715895e-08, 1.6467398030638832e-09]
[0.0031031831326532792, 4.994062594520208e-08, 8.812751245686106e-10]
[1.5973483711854516e-10, 0.026541403625564758, 0.00025933873814280384]
[0.02014379017617103, 5.26652242129936e-08, 8.620645344773263e-10]
[1.8085235795460074e-10, 5.2724141868523614e-08, 7.357091388508732e-10]
[7.317872918477587e-10, 5.372650671733903e-08, 5.504801254840549e-12]
[1.0338237592140012e-09, 5.2641697873405446e-08, 6.622610201245359e-13]
[5.3888506582035e-10, 5.5483027004941756e-08, 1.0741478475166038e-11]
[0.1035828743977006, 2.8711719367123216e-08, 5.985894667415998e-11]
[1.0252484242758977e-09, 5.5498380888319656e-08, 6.622610201245359e-13]
[7.0386919196824976e-09, 5.368985182567341e-08, 5.563902006313727e-12]
[6.987977299436237e-09, 5.368967153383999e-08, 5.562815212420288e-12]
[7.038481940782742e-09, 5.3691603531778426e-08, 5.562815212420288e-12]
[4.4202825772175856e-10, 2.8951164051022384e-08, 5.760929706621573e-12]
[2.2174103585837676e-10, 5.3691603531778426e-08, 5.562815212420288e-12]
[8.660932468033655e-10, 0.004157184015749014, 5.142047908472541e-11]
[7.166391826645471e-09, 5.244048732745718e-08, 5.564252445577054e-12]
[7.132413931370372e-09, 0.04570064674666277, 5.1470679782754864e-11]
[6.841209648460853e-09, 3.852124697855516e-08, 9.621257940997708e-13]
[7.03949230271739e-09, 5.4852692589352756e-08, 3.084671796973373e-11]
[1.6346418153117213e-09, 5.244048732745718e-08, 2.2549943676453728e-12]
[1.0261288994253633e-09, 0.026915255192948746, 1.0292258844389235e-11]
[7.0386919196824976e-09, 0.18239317220301293, 1.619873372336362e-11]
[6.987977299436237e-09, 5.369222896742288e-08, 5.562815212420288e-12]
[7.231003625212692e-09, 5.5498380888319656e-08, 5.323649262433926e-13]
[0.11033014234748445, 5.556199380872652e-08, 6.325055806291889e-12]
[7.090224355112299e-09, 5.3680099761671663e-08, 5.595803418987451e-11]
[7.03949230271739e-09, 4.292550867057496e-08, 2.915407116564636e-11]
[7.132588202345669e-09, 4.446769109332742e-08, 4.192246293304925e-11]
[7.130211340764303e-09, 4.372136027466958e-08, 3.1267122217061116e-11]

non_dom_solutions_y:
[0.64506741 0.64244693 5.25819964]
[0.87163225 0.09073684 5.52319979]
[2.40681655e-01 3.63660473e-03 5.61894603e+00]
[0.23711795 0.06437901 5.64703396]
[0.37550401 0.34457284 5.50629226]
[0.32863165 0.07443194 5.54390173]
[0.03351217 0.03269757 5.92315763]
[1.10800471e-05 8.32180469e-06 5.99998565e+00]
[7.23362383e-09 6.48971456e-03 5.99325108e+00]
[6.03656749e-07 1.20944061e-02 5.98653471e+00]
[4.12270083e-02 2.12190171e-11 7.68033255e+00]
[5.04199187e-09 9.86747854e-03 5.98921646e+00]
[6.94279767e-09 7.29127206e-04 5.99926614e+00]
[7.23362383e-09 7.51317866e-04 5.99924364e+00]
[7.03727442e-09 4.63408168e-02 5.93405737e+00]
[2.56334190e-02 6.77157052e-09 5.96823412e+00]
[7.03714372e-09 8.74409111e-02 5.84838238e+00]
[3.05525389e-03 2.13787777e-09 5.99685702e+00]
[6.55404440e-10 5.62292547e-10 6.00000024e+00]
[4.36570590e-09 6.80854604e-04 5.99931501e+00]
[7.02500914e-09 1.88382575e-09 6.00000006e+00]
[7.02777850e-09 8.27456045e-04 5.99916615e+00]
[7.03727442e-09 2.62300015e-03 5.99731239e+00]
[4.39771943e-04 2.98073493e-09 5.99955847e+00]
[2.66168410e-02 5.55607865e-08 5.96677594e+00]
[7.55574168e-10 2.28502933e-02 5.97226671e+00]
[0.12992161 0.02044412 5.72351127]
[7.04749139e-09 1.12376126e-01 5.78964038e+00]
[1.06609196e-09 7.92486802e-10 6.00000006e+00]
[7.06701038e-09 8.84303191e-02 5.84610954e+00]
[7.39530566e-10 5.36701988e-08 5.99999995e+00]
[7.03951195e-09 2.07294730e-02 5.97524637e+00]
[7.03949230e-09 4.16165434e-09 5.99999999e+00]
[7.77834117e-10 5.36800998e-08 5.99999995e+00]
[2.73535299e-02 5.55607865e-08 5.96567257e+00]
[0.01381783 0.01688857 5.96482235]
[1.82157681e-02 5.35734888e-08 5.97867231e+00]
[7.77834117e-10 1.32667088e-08 5.99999999e+00]
[7.03949230e-09 1.89784729e-10 7.39445809e+00]
[1.10620764e-02 5.55607865e-08 5.98778671e+00]
[1.71083327e-03 3.06964775e-09 5.99826158e+00]
[2.19803423e-10 1.38935302e-01 5.72684780e+00]
[0.12396586 0.06833369 5.65260969]
[3.10676829e-02 1.26427235e-09 5.95996494e+00]
[4.06715141e-02 5.53249481e-08 5.94411723e+00]
[7.03869192e-09 5.55607865e-08 5.99999994e+00]
[2.21941936e-03 5.56378989e-08 5.99773412e+00]
[7.03869192e-09 5.55607865e-08 5.99999994e+00]
[5.55694208e-11 2.42902432e-09 6.00000000e+00]
[3.10836818e-09 2.08952288e-02 5.97501638e+00]
[1.60003424e-03 5.36794104e-08 5.99837579e+00]
[2.19803423e-10 8.89028599e-03 5.99036570e+00]
[1.03382376e-09 5.37265067e-08 5.99999995e+00]
[2.19803423e-10 5.26652242e-08 5.99999995e+00]
[3.74516146e-03 5.35046797e-08 5.99612266e+00]
[3.10318313e-03 4.99406259e-08 5.99680605e+00]
[1.59734837e-10 2.65414036e-02 5.97389052e+00]
[2.01437902e-02 5.26652242e-08 5.97605480e+00]
[1.80852358e-10 5.27241419e-08 5.99999997e+00]
[7.31787292e-10 5.37265067e-08 5.99999995e+00]
[1.03382376e-09 5.26416979e-08 5.99999995e+00]
[5.38885066e-10 5.54830270e-08 5.99999994e+00]
[1.03582874e-01 2.87117194e-08 5.81060902e+00]
[1.02524842e-09 5.54983809e-08 5.99999994e+00]
[7.03869192e-09 5.36898518e-08 5.99999994e+00]
[6.98797730e-09 5.36896715e-08 5.99999994e+00]
[7.03848194e-09 5.36916035e-08 5.99999994e+00]
[4.42028258e-10 2.89511641e-08 5.99999997e+00]
[2.21741036e-10 5.36916035e-08 5.99999995e+00]
[8.66093247e-10 4.15718402e-03 5.99567998e+00]
[7.16639183e-09 5.24404873e-08 5.99999994e+00]
[7.13241393e-09 4.57006467e-02 5.93521824e+00]
[6.84120965e-09 3.85212470e-08 5.99999995e+00]
[7.03949230e-09 5.48526926e-08 5.99999994e+00]
[1.63464182e-09 5.24404873e-08 5.99999995e+00]
[1.02612890e-09 2.69152552e-02 5.96633013e+00]
[7.03869192e-09 1.82393172e-01 5.63721347e+00]
[6.98797730e-09 5.36922290e-08 5.99999994e+00]
[7.23100363e-09 5.54983809e-08 5.99999994e+00]
[1.10330142e-01 5.55619938e-08 5.79452972e+00]
[7.09022436e-09 5.36800998e-08 5.99999994e+00]
[7.03949230e-09 4.29255087e-08 5.99999995e+00]
[7.13258820e-09 4.44676911e-08 5.99999995e+00]
[7.13021134e-09 4.37213603e-08 5.99999995e+00]
