0.557124110420388
0.557124110420388
0.557124110420388
0.557124110420388
0.557124110420388
0.557124110420388
0.557124110420388
0.557124110420388
0.557124110420388
0.557124110420388
0.557124110420388
0.557124110420388
0.557124110420388
0.557124110420388
0.557124110420388
0.557124110420388
0.557124110420388
0.557124110420388
0.557124110420388
0.557124110420388
0.557124110420388
0.557124110420388
0.557124110420388
0.557124110420388
0.557124110420388
0.557124110420388
0.557124110420388
0.557124110420388
0.557124110420388
0.557124110420388
0.557124110420388
0.557124110420388
0.3779597844048001
0.346858232148107
0.3429292205798079
0.33320131714697715
0.32621855507227154
0.30429325206038027
0.30291548087876285
0.30105465211530935
0.30078041271070316
0.27258427540176766
0.266571445116848
0.2646380499950258
0.26420484989703613
0.25577862849890765
0.2481002860407185
0.24034228901370067
0.23953044000163284
0.23701759730082697
0.23701759730082697
0.23418441678673485
0.23418437179601875
0.23250217593429467
0.21978203455940173
0.21977583785554625
0.2197722993603449
0.2188862864991927
0.21261532217472393
0.21261532217472393
0.2116548309839011
0.2103980771475419
0.2103980771475419
0.19912095344604822
0.19856622939764465
0.18323655505087433
0.17639235824158692
0.16671334193094228
0.16428968499536448
0.16428968499536448
0.16428968499536448
0.1529548519334814
0.1529548519334814
0.15028994218299901
0.14571936961845178
0.14566644632662648
0.14566644632662648
0.14566644632662648
0.14387071984975192
0.1419499689397453
0.1281136824313515
0.12720124260677754
0.12708943982875795
0.1267179812679537
0.10561235756955671
0.10554356675773602
0.10531178582248815
0.10369702064996059
0.10341717478960365
0.10343376411551715
0.10330773730962786
0.1030818339366368
0.1008198485680813
0.09468556357450988
0.094685349863506
0.09457799808950047
0.09457062699740133
0.09457040706795528
0.0943833396618173
0.09438077796146839
0.0943806490993261
0.09438064022302102
0.09438064022302102
0.09437837003340657
0.09437836348157895
0.09437706209709806
0.09437629461495811
0.09437598889161243
0.09437598889161243
0.09437551680558597
0.09437551680558597
0.09388214336431171
0.09388035453072512
0.09386992794601509
0.09386992794601509
0.09378912304042679
0.09378912293820542
0.09374928087298164
0.09374928087298164
0.09374928086484326
0.09361821248571796
0.09361821248571796
0.09342266550038358
0.09342266550038358
0.09342266549359127
0.09342266549359127
0.09331799497344999
0.09331799497344999
0.09331799497344999
0.09331799497180363
0.09331799497180363
0.09331799497180363
0.09331799497180363
0.09331799497180363
0.09331799497180363
0.09322825985664117
0.09313387329561663
0.0929521135790061
0.09267657587134552
0.09267657587134552
0.09247781686703291
0.09241700488046282
0.09241700488046282
0.09241700488046282
0.09241700488046282
0.09241700488046282
0.09234423591447181
0.09234423591447181
0.09222569113401986
0.09218255816076554
0.09218255816076554
0.09218255816076554
0.09216201462125534
0.0906854658703273
0.08766042610625184
0.08766042610625184
0.08766042610625184
0.08766042610625184
0.08766042610625184
0.08766042610625184
0.08766042610625184
0.08766042610625184
0.08766042610625184
0.08766042610625184
0.08749567222694021
0.08749567222694021
0.08749567222694021
0.08749567222694021
0.08749567222694021
0.08749567222694021
0.08749567222694021
0.08692897255055132
0.08671806863803182
0.08671806863803182
0.08671806863803182
0.08647556473640322
0.08647556473640322
0.08647556473640322
0.08647556473640322
0.08639806818709546
0.08639806818709546
0.08639806818709546
0.08639806818709546
0.08639806818709546
0.08639806818709546
0.08637586103438363
0.08631826472113198
0.08629597045142808
0.08629597045142808
0.08629597045142808
0.08629597045142808
0.08629583538227616
0.08629583538227616
0.08629583538227616
0.08629583538227616
0.08629583538227616
0.08629583538227399
0.08513144070565098
0.08513144070565098
0.08513144070565098
0.08513144070565098
0.08513144070565098
0.08497701555027293
0.08497701555027293
0.08497701555027293
0.08497701555027293
0.08497701555027293
0.08497701555027293
0.08497701555027293
0.08494783168489631
0.08494783168489631
0.08494783168489631
0.08494783168489631
0.08494783168489631
0.08494979783506168
0.08487395776471317
0.08487395776471317
0.08306110040997715
0.08260724046243444
0.08216671107962398
0.08216671107962398
0.08216671107962398
0.07948163201673222
0.07948163201673222
0.07947723296845642
0.07947723296845642
0.07947723296845642
0.07947723296845642
0.07947723296845642
0.07947723296845642
0.07947723296845642
0.07947723296845642
0.07947723296845642
0.07947723296845642
0.07940986678780894
0.07940986678780894
0.0794098667840546
0.07939264372741446
0.07933200181018271
0.07933200181018271
0.07933200181018271
0.07832874689435694
0.07832874689435694
0.07832874689435694
0.07832239601945107
0.07832239601945107
0.07832239601945107
0.07832239601945107
0.07832239601945107
0.07832239601945107
0.07832239601945107
0.07832239601945107
0.07832239601945107
0.07832239601945107
0.07830633162720789
0.07813915301300456
0.07813915301300456
0.07812677947894316
0.07812677947894316
0.07811280043444409
0.07800413679147972
0.07794214332682525
0.07794214332682525
0.07794214332682525
0.07794214332682525
0.07794214332682525
0.07794214332682525
0.07794214332682525
0.07794214332682525
0.07793943873437133
0.07793943873437133
0.07793943873437133
0.07793353356646737
0.07793353356646737
0.07793353356646737
0.07793094645143087
0.07793094645143087
0.07793094645143087
0.07793094645143087
0.07793094645143087
0.07793094645143667
0.07793094645143667
0.07793094645143667
0.07793094645143667
0.07793094645143667
0.07793094645143667
0.07793074577429213
0.07793074577429213
0.07793074577429213
0.07791519467418899
0.07791519467418899
0.07791519467418899
0.07791519467418899
0.07791258001252857
0.07791258001252857
0.07791258001252857
0.07791258001252857
0.07791258001252857
0.07791258001252857
0.07791258001252857
