1.1864083079615098
1.1864083079615098
1.1864083079615098
1.1864083079615098
1.1864083079615098
1.1864083079615098
1.1864083079615098
1.1864083079615098
1.1864083079615098
1.1864083079615098
1.1864083079615098
1.1864083079615098
1.1864083079615098
1.1864083079615098
1.1864083079615098
1.1864083079615098
1.1864083079615098
1.1864083079615098
1.1864083079615098
1.1864083079615098
1.1864083079615098
1.1864083079615098
1.1864083079615098
1.1864083079615098
1.1864083079615098
1.1864083079615098
1.1864083079615098
1.1864083079615098
1.1864083079615098
1.1864083079615098
1.1864083079615098
1.1864083079615098
1.1864083079615098
1.1864083079615098
1.1864083079615098
1.1864083079615098
1.1864083079615098
1.1864083079615098
1.1864083079615098
1.1864083079615098
1.1864083079615098
1.1864083079615098
1.1864083079615098
1.1864083079615098
1.1864083079615098
1.1864083079615098
1.1864083079615098
1.1864083079615098
1.1864083079615098
1.1864083079615098
1.1864083079615098
1.1864083079615098
1.1864083079615098
1.1864083079615098
1.1864083079615098
1.0956729182301044
1.226250735154749
0.9953824340194318
0.8937402689873769
0.8937402689873769
0.8899384319316267
0.8839454048889144
0.8827889936040992
0.8827889532524078
0.8827889532524078
0.8838397537799185
0.8837474115145246
0.8835394086352655
0.883489507414425
0.883474437024506
0.8834628862172885
0.8834555047055793
0.883454063271425
0.8834540628829726
0.8834565906451668
0.8834565906230532
0.8834574876659882
0.8834571484598288
0.8834570769770971
0.8834570690035731
0.8834570690034883
0.8834570690031989
0.8834570835871054
0.8834570835871054
0.8834565967227859
0.8834565967227859
0.8834565967227859
0.8834565967227859
0.8834565967227859
0.8834565967227859
0.8834565967227859
0.8834565967205191
0.8834565967205191
0.8834565967205191
0.8834565967205191
0.8834565967205191
0.8834565967204967
0.8834565967204967
0.8834565967201176
0.8834565967201176
0.8711308756046697
0.8711308756046697
0.8711308756046697
0.8711308756046429
0.8711308756046429
0.8711308756046429
0.8711308756046429
0.8711308756046429
0.8704106032610703
0.8704106032610703
0.8704106032610703
0.8704106032610703
0.8704106032610703
0.8704106032610703
0.8704106032610703
0.8704106032601979
0.8704106032601979
0.771281922652816
0.771281922652816
0.771281922652816
0.770320992807732
0.7703209589365224
0.7703209589365224
0.7697666610642556
0.7697666610642556
0.6713541436357786
0.6713541436357786
0.6713538847786444
0.6713538847786444
0.6713538847786444
0.6713538847786444
0.6713538847786444
0.6713538847786444
0.6713538847786444
0.6713538847786444
0.6713538847786444
0.6713538847786444
0.6713538847786444
0.6713538847786444
0.6713538847786444
0.6713538847786444
0.6713538847786444
0.6713538847786444
0.6713538847786444
0.6713538847786444
0.6713538847786444
0.6713538847786444
0.6713538847786444
0.6713538847786444
0.6713538847786444
0.6713538847786444
0.6713538847786444
0.6713538847786444
0.6713538847786444
0.6713538847786444
0.6713538847786444
0.6713538847786444
0.6713538847786444
0.6713538847786444
0.6713538847786444
0.6713538843349577
0.6713532845094573
0.6713532595457009
0.6713532595457009
0.6713532595457009
0.6713523269001473
0.6713521250440196
0.6713521250440196
0.6713521250440196
0.6713520172762054
0.6713520172762054
0.6713520172762054
0.6713520172762054
0.6713520172762054
0.6713520142612358
0.6713520142612358
0.6713473950095376
0.6713473950095376
0.6713473950095376
0.6713472349957001
0.671347120909279
0.6713415610928217
0.6713415610928217
0.6713415610928217
0.6713415610928217
0.6713415610928217
0.6713415610928217
0.6713415610928217
0.6713415610928217
0.6713415442950337
0.6713415442950337
0.6713415442950337
0.6713415442950337
0.6713415442950337
0.6713415442950337
0.6713415442950337
0.6706403255293352
0.6706403255293352
0.6706403255293352
0.6706403255293352
0.6706403255293352
0.6706403255293352
0.6706349310001277
0.6706349310001277
0.6706349310001277
0.6706349310001277
0.6706349310001277
0.6706349310001277
0.6706349310001277
0.6706347690704136
0.6706347690704136
0.6706347690704136
0.6706347690704136
0.6706122080627578
0.6706122080627578
0.6706122080627578
0.6706122080627578
0.6706122080627578
0.6706122080627578
0.6706122080627578
0.6706122080627578
0.6706122080627578
0.6706122080627578
0.6706122080627578
0.6706122080627578
0.6705959048781133
0.6705959048781133
0.6705959048781133
0.6705959048781133
0.6705959048781133
0.6705959048781133
0.6705959048781133
0.6705959048781133
0.6705956970367571
0.6705956970367571
0.6705956970367571
0.6705956970367571
0.6705956970367571
0.6705956970367571
0.6705956970367571
0.6705956970367571
0.6705956970367571
0.6705956970367571
0.6705956970367571
0.6705956970367571
0.6705956970367571
0.6705956970367571
0.6705956929565609
0.6705956929565609
0.6705956929565609
0.6705956929565609
0.6705956929565609
0.6705956929565609
0.6705956929565609
0.6705956929565609
0.6705956929565609
0.6705956929565609
0.6705956929565609
0.6705956929565609
0.6705956929565609
0.6705956929565609
0.6705938642666286
0.6705938642666286
0.6705938642666286
0.6705938642666286
0.6705938642666286
0.6705938642666286
0.6705938642666286
0.6705938642666286
0.6705938642666286
0.6705938642666286
0.6705938642666286
0.6705938642666286
0.6705938642666286
0.6705938642666286
0.6705938642666286
0.6705938642666286
0.6705938642666286
0.6705938642666286
0.6705938642666286
0.6705938642666286
0.6705938642666286
0.6705938642666286
0.6705938642666286
0.6705938642666286
0.6705938642666286
0.6705938642666286
0.6705938642666286
0.6705938642666286
0.6705938642666286
0.6705938642666286
0.6705938642666286
0.6705938642666286
0.6705938642666286
0.6705938642666286
0.6705938642666286
0.6705938642666286
0.6705938642666286
0.6705938642666286
0.6705938642666286
