ID: 20231203214212_27308

Problem: dtlz7
Number of objects: 3
Number of variables: 5

Algorithm choice: 2
Algorithm phase strategy: local + global
First phase rate: 0.75
Population size: 15
Maximum number of function evaluations: 300

IGD: 0.6705938642666286
GD: 0.020259305442908243
HV: 0.44150944913481893
Time cost: 1865.862898349762

non_dom_solutions:
[5.538296142029844e-09, 6.394266017674722e-07, 4.008826599096448e-10, 1.3927359381494132e-08, 5.3032556243668615e-11]
[5.538296142029844e-09, 4.99824421127584e-07, 1.4438090548120621e-09, 3.045437906468596e-09, 1.133182556121347e-12]
[5.538296142029844e-09, 2.735723534361236e-07, 1.4955296649051513e-09, 3.045437906468596e-09, 1.1726804426585966e-10]
[0.015788478379089796, 1.3999323677526116e-08, 1.4952057365099346e-09, 1.3927359381494132e-08, 1.0053647946446142e-08]
[4.616879739265904e-09, 1.3935662333547322e-08, 1.5072017374887496e-09, 9.665591706457984e-10, 1.504177416891759e-09]
[3.4706198299520164e-08, 0.006020130824054523, 1.0963685416472004e-10, 1.3927974679279141e-08, 7.665217672434551e-10]
[5.552371855671142e-09, 6.100067405531668e-09, 1.4952057365099346e-09, 1.3675316838270616e-08, 7.782112891607501e-10]
[0.14612760965666466, 1.3772290911363297e-08, 1.5288340262788477e-09, 1.3674833156910287e-08, 4.598834022222038e-11]
[2.846963939916261e-10, 1.3935662333547322e-08, 0.08110681733741389, 9.665591706457984e-10, 1.5030933542368657e-09]
[4.616879739265904e-09, 0.017429930836361626, 4.008826599096448e-10, 1.3927359381494132e-08, 4.33571846286653e-11]
[0.0002656595680511223, 3.853674251980118e-09, 1.4952057365099346e-09, 4.0932142166276615e-09, 1.4641365225942097e-09]
[0.05468155672852463, 1.4236703557980292e-08, 1.4952057365099346e-09, 7.977526463314073e-10, 8.269588786135743e-10]
[2.88131019128403e-09, 0.26247706335514664, 1.5161060926687338e-09, 4.0932142166276615e-09, 3.4190539107292817e-12]
[4.616879739265904e-09, 0.015948951350239368, 3.9755517844983143e-10, 9.667268534981167e-10, 1.449962888655851e-09]
[4.616879739265904e-09, 0.0002784726227721877, 4.008826599096448e-10, 1.344418646556082e-09, 5.3032556243668615e-11]
[5.583577736403474e-09, 3.341593250466943e-09, 1.2965541575438633e-10, 1.409476720032804e-08, 9.218946688647148e-11]
[5.884762827166315e-09, 3.5052115296317373e-09, 1.4952057365099346e-09, 7.977526463314073e-10, 7.708066574385735e-10]
[8.665325344640609e-05, 3.5052115296317373e-09, 1.4952057365099346e-09, 7.977526463314073e-10, 7.708063796182737e-10]
[5.5450322694578e-09, 3.5052115296317373e-09, 1.4952057365099346e-09, 4.0777478327316154e-09, 0.0075763538544309115]
[5.533634316145383e-09, 3.6019920625016344e-09, 0.011287999121042058, 8.055252005206694e-10, 7.707843664878134e-10]
[5.538296142029844e-09, 1.3716388505046581e-08, 1.4952057365099346e-09, 1.5239728799813827e-10, 4.364086893614483e-11]
[5.538296142029844e-09, 1.3716388505046581e-08, 1.4952057365099346e-09, 1.5239728799813827e-10, 4.364086893614483e-11]
[5.884762827166315e-09, 3.3769101071987226e-09, 1.4952057365099346e-09, 7.977526463314073e-10, 8.269588786135743e-10]
[1.7978458001421868e-09, 4.0936513980615434e-09, 0.0009620157075170827, 7.977526463314073e-10, 8.260198553337689e-10]
[4.510946033530288e-09, 4.0897180423146476e-08, 1.2965541575438633e-10, 1.0520697375477835e-09, 4.53299897186753e-11]
[4.616879739265904e-09, 0.0164412350463901, 1.5072017374887496e-09, 9.665591706457984e-10, 1.504177416891759e-09]
[5.884762827166315e-09, 0.011771480556675356, 4.1105880608649013e-10, 1.0205845734955006e-09, 7.856822042959914e-10]
[0.0004613685509575619, 1.3716388505046581e-08, 1.5187330613591032e-10, 1.084544706837594e-09, 4.364086893614483e-11]
[0.008087780118294826, 3.4187439526775664e-09, 1.2965541575438633e-10, 1.0520697375477835e-09, 3.342936885094128e-11]
[0.009274690790437794, 1.0106493061777262e-09, 1.5208099936688364e-09, 7.977526463314073e-10, 7.719277155359056e-10]
[5.862169491836634e-09, 7.652129861429552e-09, 1.2376508003623103e-09, 8.027010546805116e-10, 1.504177416891759e-09]
[0.007250384963374611, 4.0897180423146476e-08, 1.2965541575438633e-10, 7.980813173278898e-10, 4.5037378290367284e-11]
[0.0018421860388106758, 1.4236703557980292e-08, 1.5422130883824619e-09, 7.977526463314073e-10, 8.269588786135743e-10]
[0.0021290303496698704, 1.4236703557980292e-08, 1.2844146852294113e-09, 7.977526463314073e-10, 8.269588786135743e-10]
[0.0022412819408295054, 2.427343892994268e-10, 1.5068737205382237e-09, 7.977526463314073e-10, 8.269588786135743e-10]
[0.0092939556522538, 5.772378404561155e-10, 4.0625195167413717e-10, 1.0257741651055343e-09, 1.6914734561790406e-10]
[4.510946033530288e-09, 2.004954480531982e-08, 1.2965541575438633e-10, 1.0240324912830938e-09, 4.53299897186753e-11]
[0.008083159918622173, 0.008683956102627396, 1.4952057365099346e-09, 7.896938001788996e-10, 1.6134457325773594e-10]
[0.003993416136985424, 3.416048529525501e-08, 4.008826599096448e-10, 1.0257741651055343e-09, 5.3032556243668615e-11]
[0.004883479378813588, 2.004954480531982e-08, 1.2892433389267067e-10, 1.0240324912830938e-09, 4.53299897186753e-11]
[4.6383649485277836e-09, 0.01768210712538584, 4.008826599096448e-10, 1.0257741651055343e-09, 3.1949777351527253e-12]
[0.0014344508908685865, 8.58208023284496e-09, 1.4076823381331927e-10, 7.977526463314073e-10, 2.0912663666172843e-09]
[5.559630694464249e-09, 1.3716388505046581e-08, 4.361639800297423e-11, 1.5239728799813827e-10, 7.352434292867501e-11]
[0.014340136315756393, 1.4149428236018705e-08, 1.2965541575438633e-10, 1.0520697375477835e-09, 2.1046200824666258e-09]
[5.555247089461436e-09, 8.492927285929483e-09, 3.4803390174531763e-10, 1.5239728799813827e-10, 7.352434292867501e-11]
[0.0017610544848248027, 3.1961806134801174e-08, 1.2263477648703387e-10, 9.928581946129065e-10, 5.3032556243668615e-11]
[0.002331137551620568, 1.4149428236018705e-08, 3.546745286921161e-10, 7.82984929527122e-10, 4.8745876883989655e-11]
[0.002139753429739284, 4.227797055922411e-08, 3.514914198084255e-10, 1.029269812917904e-09, 4.070166748913375e-11]
[3.941897599341091e-09, 0.04301075702084903, 1.2965541575438633e-10, 1.4758983344227652e-10, 2.1046200824666258e-09]
[4.50878170971925e-09, 2.0753763637452924e-08, 4.018020077488144e-10, 9.94668842858353e-10, 5.312468163512061e-11]
[0.004621896019546685, 2.0753763637452924e-08, 4.018020077488144e-10, 9.94694128536728e-10, 5.312468163512061e-11]
[3.492635190871797e-08, 1.4149428236018705e-08, 2.2710851439016415e-11, 1.0520697375477835e-09, 2.1046200824666258e-09]
[3.505371338302591e-08, 5.8723401884842765e-08, 1.5410977260162134e-09, 7.876303027858272e-10, 3.085542442809231e-11]
[4.614064220106748e-09, 0.03653568409527308, 4.3137525299804716e-11, 1.0519326519564988e-09, 7.347206574086434e-11]
[3.492635190871797e-08, 1.3342603406849433e-08, 1.541698998802645e-09, 7.790519484155824e-10, 1.18192283052946e-09]
[5.559630694464249e-09, 1.3384482416570205e-08, 4.0933341090686904e-11, 1.5239728799813827e-10, 7.352434292867501e-11]
[3.498267910647718e-08, 0.03625349362125933, 3.337268667977104e-10, 9.82841264579215e-10, 1.0745229733900793e-11]
[3.492635190871797e-08, 1.2440486932251228e-09, 2.2710851439016415e-11, 1.0520697375477835e-09, 2.1046200824666258e-09]
[0.004691127582501551, 4.039195772670319e-08, 1.5545629060472173e-09, 4.804777830239972e-10, 2.875517330070728e-11]
[0.056689366681034824, 1.4149428236018705e-08, 6.431412781849244e-11, 1.5270605228289365e-10, 2.1071327062615955e-09]
[4.625264158546764e-09, 0.002680332326643264, 1.3014715397439923e-10, 9.928581946129065e-10, 5.280607806879213e-11]
[0.05814902279093334, 3.518106517534623e-08, 3.9853753686656576e-10, 1.0520697375477835e-09, 4.53299897186753e-11]
[0.010817099800452111, 5.822346285840193e-08, 3.675730455225675e-11, 1.025041417793883e-09, 3.930271522965383e-11]
[0.0025350864759097497, 5.8723401884842765e-08, 2.338214871549218e-10, 1.0519326519564988e-09, 5.304312855338071e-11]
[1.5941410625357025e-09, 5.843727724059638e-08, 3.7222721609371435e-11, 1.0257741651055343e-09, 0.04297143999651323]
[4.619353774229666e-09, 0.009836526220881544, 8.970266047841037e-11, 9.937929378679544e-10, 3.913018517326158e-11]
[2.0136768556248996e-09, 4.1047418631479604e-08, 1.3014715397439923e-10, 9.928581946129065e-10, 3.679045863163297e-11]
[4.623741311659671e-09, 4.1020688668081825e-08, 5.941564315734442e-11, 9.928581946129065e-10, 3.036001745036968e-11]
[4.557692226285871e-09, 0.03667260528701262, 3.7222721609371435e-11, 4.139134628935788e-10, 8.436061875817682e-12]
[2.586920105855733e-10, 5.872350099396132e-08, 1.9316937465084697e-11, 1.0257769091444432e-09, 3.9806438313014826e-11]
[3.113746390192979e-10, 5.869821307546636e-08, 0.03273130010680513, 1.0257741651055343e-09, 3.780976149384511e-11]
[4.604329385722147e-09, 0.036318566824925715, 5.816751121692639e-11, 9.91478952201566e-10, 3.482274204378989e-11]
[1.785816238553868e-09, 5.8218240483173675e-08, 6.279854380356906e-11, 5.139834795292266e-10, 7.889065770187488e-12]
[4.617311613430939e-09, 5.871078072810711e-08, 5.320824629299745e-11, 4.4101019871113077e-10, 5.48782774840823e-12]
[4.610642230949117e-09, 0.03206584348158127, 2.2771332973654942e-10, 3.133941902406555e-10, 5.304312855338071e-11]
[4.617311613430939e-09, 1.2123344642395418e-08, 4.0732451399304383e-10, 1.0257741651055343e-09, 6.166577943699568e-11]
[4.610642230949117e-09, 0.016079410516113578, 2.2771332973654942e-10, 1.0516541731499809e-09, 5.304312855338071e-11]
[1.7034419717410865e-09, 5.8722844648076216e-08, 6.279854380356906e-11, 5.060565827939195e-10, 8.202449835260222e-12]
[2.049641621421497e-09, 4.864541653669587e-08, 2.3180638653651655e-10, 1.0257769091444432e-09, 5.304985287175259e-11]
[4.604329385722147e-09, 3.8766258952150954e-08, 3.72539780875981e-11, 1.0257978189506756e-09, 3.482274204378989e-11]
[2.0539745671425794e-09, 5.8648830239189865e-08, 4.5504238659586054e-11, 2.919204962542643e-10, 3.467172183111984e-11]
[2.0522794100761394e-09, 5.8722844648076216e-08, 4.678490894098073e-11, 5.060565827939195e-10, 8.202449835260222e-12]
[0.012484536044786946, 5.8710615995476174e-08, 4.0625195167413717e-10, 4.1873639201718993e-10, 8.18396758740835e-12]
[2.0522794100761394e-09, 5.8728274423080195e-08, 4.678490894098073e-11, 5.060565827939195e-10, 8.189087884542563e-12]

non_dom_solutions_y:
[5.53829614e-09 6.39426602e-07 5.99999948e+00]
[5.53829614e-09 4.99824421e-07 5.99999954e+00]
[5.53829614e-09 2.73572353e-07 5.99999976e+00]
[1.57884784e-02 1.39993237e-08 5.98187103e+00]
[4.61687974e-09 1.39356623e-08 6.00000002e+00]
[3.47061983e-08 6.02013082e-03 5.99363858e+00]
[5.55237186e-09 6.10006741e-09 6.00000013e+00]
[1.46127610e-01 1.37722909e-08 5.71047419e+00]
[2.84696394e-10 1.39356623e-08 6.72996136e+00]
[4.61687974e-09 1.74299308e-02 5.97971978e+00]
[2.65659568e-04 3.85367425e-09 5.99973373e+00]
[5.46815567e-02 1.42367036e-08 5.91836868e+00]
[2.88131019e-09 2.62477063e-01 5.57498047e+00]
[4.61687974e-09 1.59489514e-02 5.98166272e+00]
[4.61687974e-09 2.78472623e-04 5.99972081e+00]
[5.58357774e-09 3.34159325e-09 6.00000012e+00]
[5.88476283e-09 3.50521153e-09 6.00000002e+00]
[8.66532534e-05 3.50521153e-09 5.99991330e+00]
[5.54503227e-09 3.50521153e-09 6.06818723e+00]
[5.53363432e-09 3.60199206e-09 6.10159200e+00]
[5.53829614e-09 1.37163885e-08 6.00000000e+00]
[5.53829614e-09 1.37163885e-08 6.00000000e+00]
[5.88476283e-09 3.37691011e-09 6.00000002e+00]
[1.79784580e-09 4.09365140e-09 6.00865815e+00]
[4.51094603e-09 4.08971804e-08 5.99999997e+00]
[4.61687974e-09 1.64412350e-02 5.98102133e+00]
[5.88476283e-09 1.17714806e-02 5.98692524e+00]
[4.61368551e-04 1.37163885e-08 5.99953662e+00]
[8.08778012e-03 3.41874395e-09 5.99129633e+00]
[9.27469079e-03 1.01064931e-09 5.98991565e+00]
[5.86216949e-09 7.65212986e-09 6.00000002e+00]
[7.25038496e-03 4.08971804e-08 5.99225453e+00]
[1.84218604e-03 1.42367036e-08 5.99812585e+00]
[2.12903035e-03 1.42367036e-08 5.99782826e+00]
[2.24128194e-03 2.42734389e-10 5.99771141e+00]
[9.29395565e-03 5.77237840e-10 5.98989301e+00]
[4.51094603e-09 2.00495448e-08 5.99999999e+00]
[0.00808316 0.00868396 5.98190777]
[3.99341614e-03 3.41604853e-08 5.99585630e+00]
[4.88347938e-03 2.00495448e-08 5.99489183e+00]
[4.63836495e-09 1.76821071e-02 5.97938480e+00]
[1.43445089e-03 8.58208023e-09 5.99854618e+00]
[5.55963069e-09 1.37163885e-08 5.99999998e+00]
[1.43401363e-02 1.41494282e-08 5.98372767e+00]
[5.55524709e-09 8.49292729e-09 5.99999999e+00]
[1.76105448e-03 3.19618061e-08 5.99820970e+00]
[2.33113755e-03 1.41494282e-08 5.99761765e+00]
[2.13975343e-03 4.22779706e-08 5.99781707e+00]
[3.94189760e-09 4.30107570e-02 5.94002771e+00]
[4.50878171e-09 2.07537636e-08 5.99999999e+00]
[4.62189602e-03 2.07537636e-08 5.99517683e+00]
[3.49263519e-08 1.41494282e-08 5.99999998e+00]
[3.50537134e-08 5.87234019e-08 5.99999993e+00]
[4.61406422e-09 3.65356841e-02 5.95113075e+00]
[3.49263519e-08 1.33426034e-08 5.99999998e+00]
[5.55963069e-09 1.33844824e-08 5.99999998e+00]
[3.49826791e-08 3.62534936e-02 5.95159897e+00]
[3.49263519e-08 1.24404869e-09 5.99999999e+00]
[4.69112758e-03 4.03919577e-08 5.99510151e+00]
[5.66893667e-02 1.41494282e-08 5.91444297e+00]
[4.62526416e-09 2.68033233e-03 5.99725197e+00]
[5.81490228e-02 3.51810652e-08 5.91155435e+00]
[1.08170998e-02 5.82234629e-08 5.98808197e+00]
[2.53508648e-03 5.87234019e-08 5.99740430e+00]
[1.59414106e-09 5.84372772e-08 6.38674291e+00]
[4.61935377e-09 9.83652622e-03 5.98925287e+00]
[2.01367686e-09 4.10474186e-08 5.99999997e+00]
[4.62374131e-09 4.10206887e-08 5.99999996e+00]
[4.55769223e-09 3.66726053e-02 5.95090306e+00]
[2.58692011e-10 5.87235010e-08 5.99999995e+00]
[3.11374639e-10 5.86982131e-08 6.29458165e+00]
[4.60432939e-09 3.63185668e-02 5.95149114e+00]
[1.78581624e-09 5.82182405e-08 5.99999995e+00]
[4.61731161e-09 5.87107807e-08 5.99999994e+00]
[4.61064223e-09 3.20658435e-02 5.95839027e+00]
[4.61731161e-09 1.21233446e-08 6.00000000e+00]
[4.61064223e-09 1.60794105e-02 5.98149316e+00]
[1.70344197e-09 5.87228446e-08 5.99999994e+00]
[2.04964162e-09 4.86454165e-08 5.99999996e+00]
[4.60432939e-09 3.87662590e-08 5.99999997e+00]
[2.05397457e-09 5.86488302e-08 5.99999994e+00]
[2.05227941e-09 5.87228446e-08 5.99999994e+00]
[1.24845360e-02 5.87106160e-08 5.98604982e+00]
[2.05227941e-09 5.87282744e-08 5.99999994e+00]
