1.0603412916212662
1.0603412916212662
1.0603412916212662
1.0603412916212662
1.0603412916212662
1.0603412916212662
1.0603412916212662
1.0603412916212662
1.0603412916212662
1.0603412916212662
1.0603412916212662
1.0603412916212662
1.0603412916212662
1.0603412916212662
1.0603412916212662
1.0603412916212662
1.0603412916212662
1.0603412916212662
1.0603412916212662
1.0603412916212662
1.0603412916212662
1.0603412916212662
1.0603412916212662
1.0603412916212662
1.0603412916212662
1.0603412916212662
1.0603412916212662
1.0603412916212662
1.0603412916212662
1.0603412916212662
1.0603412916212662
1.0603412916212662
0.9262275376898519
0.9262275376898519
0.9262275376898519
0.9220474956538811
0.9212137430253057
0.835564095232976
0.6902636361459392
0.6902636361459392
0.6902636361459392
0.6902636361459392
0.6902636361459392
0.6902636361459392
0.6902636361459392
0.6902636361459392
0.6902636361459392
0.6902636361459392
0.5466510993146023
0.546049784908259
0.5460468068288759
0.5460468068288759
0.5460468068288759
0.5460468068288759
0.5460468068288759
0.5460468068288759
0.5460468068288759
0.5460468068288759
0.5460468068288759
0.5460468068288759
0.5460468068288759
0.5297716510007464
0.5297716510007464
0.5297464099447519
0.5297464099447519
0.5297464099447519
0.5283754302985144
0.5283754302985144
0.5283754302985144
0.5283754302985144
0.5283754302985144
0.5283076030676046
0.5283076030676046
0.5272315509348118
0.5272315509348118
0.5271643428575912
0.5271643428575912
0.5271643428575912
0.5271643428575912
0.5271643428575912
0.5271643428575912
0.5271643428575912
0.5271643428575912
0.5271643428575912
0.5271643428575912
0.5271643428575912
0.5271643428575912
0.5271643428575912
0.5271643428575912
0.5271643428575912
0.5271120948486139
0.5271120948486139
0.5271120948486139
0.5271120948486139
0.5271120948486139
0.5270180495206312
0.5270180495206312
0.5270180495206312
0.526963133110982
0.526963133110982
0.5268703227019367
0.5260050076790691
0.5260050076790691
0.5260050076790691
0.5260050076790691
0.5260050076790691
0.5260050076790691
0.5253230708425343
0.5253230708425343
0.5253230708425343
0.5253230708425343
0.5253230708425343
0.5253230708425343
0.5253230708425343
0.5252862823777737
0.5252844337424114
0.5252831300010171
0.525278600230818
0.5252769752475404
0.5252769752475404
0.5252769752475404
0.5252769752475404
0.5252705479740254
0.5252705479740254
0.5252705479740254
0.5252705479740254
0.5252677833433462
0.5252677833433462
0.5252677833433462
0.5252677833197132
0.5252677833197132
0.5240800687658277
0.5060272418016808
0.5059526662806176
0.4987811045080509
0.4987811045080509
0.49871797084972536
0.49871797084972536
0.49871797084972536
0.49871797084972536
0.49871797084972536
0.49871797084972536
0.49871797084972536
0.49885185520039044
0.49885185520039044
0.4961568728845968
0.49615178306072494
0.4957082716801974
0.4954724001558874
0.4954724001558874
0.4954724001558874
0.4708811418703024
0.4708811418703024
0.4708799584839859
0.46742258447326795
0.33146474992867214
0.33146474992867214
0.32994868568705876
0.31505378609963364
0.31505378609963364
0.3148831183262376
0.3148831183262376
0.3148831183262376
0.31263655168813204
0.2456824887900178
0.2456824887900178
0.24028892482961642
0.2401905654732443
0.22607867924409278
0.22290184398291382
0.22255647253680674
0.22255647253680674
0.2222948513282963
0.22015575531985215
0.22015575531985215
0.22015575531985215
0.2195514765457004
0.2195514765457004
0.2195514757118413
0.2195514757118413
0.2195514757118413
0.2195514757118413
0.2195514757118413
0.21781511724621508
0.2170015074575175
0.21690387137549
0.21690387137549
0.2167557526647043
0.2167557526647043
0.2167557526647043
0.191997207521239
0.18632823960522807
0.18632823960522807
0.1843025536537723
0.1843025536537723
0.18423108120617712
0.18423108120617712
0.18220572954084763
0.18220572954084763
0.1818322174214776
0.18009294932994227
0.1795505049318146
0.17907003178249514
0.17907003178249514
0.17907003178249514
0.13472953348642516
0.1231151439184789
0.12289473274019247
0.12289473274019247
0.11826947182101565
0.11812137429024194
0.11500001636519004
0.11496354776696498
0.11496354776696498
0.11323791638644687
0.11323791638644687
0.11323791638644687
0.11300699756232944
0.11250174465315457
0.1124255094115567
0.11226028568837862
0.1113828953240098
0.1109978024712482
0.1109978024712482
0.11072874084046089
0.11072874084046089
0.11072874084046089
0.10688156660859824
0.10688156660859824
0.1055621750554109
0.10516745938252325
0.10510731430777327
0.10368566533586543
0.10312318395757743
0.10065165549390642
0.10065191734232286
0.10028006787997366
0.10028006787997366
0.09591439284933424
0.09575585196064813
0.09575585196064813
0.09572449276424158
0.08993193109135887
0.08992945351366431
0.08992945351366431
0.08910651869371397
0.08888389820364596
0.08723719082314793
0.08566082270461006
0.07882727492202596
