0.5567822146543783
0.5567822146543783
0.5567822146543783
0.5567822146543783
0.5567822146543783
0.5567822146543783
0.5567822146543783
0.5567822146543783
0.5567822146543783
0.5567822146543783
0.5567822146543783
0.5567822146543783
0.5567822146543783
0.5567822146543783
0.5567822146543783
0.5567822146543783
0.5567822146543783
0.5567822146543783
0.5567822146543783
0.5567822146543783
0.5567822146543783
0.5567822146543783
0.5567822146543783
0.5567822146543783
0.5567822146543783
0.5567822146543783
0.5567822146543783
0.5567822146543783
0.5567822146543783
0.5567822146543783
0.5567822146543783
0.5567822146543783
0.49727869138043446
0.473860946349707
0.46960614054564104
0.46960614054564104
0.3860714486062247
0.39063795228591525
0.35885556102675664
0.35644637760831205
0.34916569470370273
0.34383783854361966
0.3364875775041465
0.39018396562441926
0.39018396562441926
0.39018396562441926
0.38945080298905765
0.38945080298905765
0.3758618076018004
0.375360729380061
0.37528490487249827
0.37528490487249827
0.37528490487249827
0.37528490487249827
0.37520859936981255
0.37520859936981255
0.37520859936981255
0.3684888748114044
0.3684888748114044
0.3684888748114044
0.3684888748114044
0.3684888748114044
0.3684888748114044
0.3684705285854199
0.3679605092607293
0.36795840193737195
0.36803378798410963
0.36800054787462777
0.3679998298115032
0.3679998104178955
0.3679997934840539
0.3679997860041611
0.3679997858069956
0.3679997853775511
0.3521624767400271
0.3521624554221169
0.35216245540606583
0.3521624553719464
0.35149244234615024
0.35149244234615024
0.3514924423451351
0.35148595280847306
0.35148595280706446
0.35148402188225514
0.3514838657891284
0.3514836462421337
0.35148364583113845
0.35148364569065527
0.35148364558259176
0.3514836335757032
0.3514836332323748
0.3514836332323748
0.3514836329920616
0.3514836329920616
0.3513514461177855
0.3513514461177855
0.3513514461177855
0.351262750398036
0.351262750398036
0.351262750398036
0.351262750398036
0.35123378883296774
0.3512210647725103
0.3512210647725103
0.3512210647725103
0.3512210647725103
0.35122102453238463
0.351220932858298
0.35122093285639894
0.35122093285639894
0.35122093285639894
0.3512208826367122
0.3512208826367122
0.3512208826367122
0.35088434617201736
0.35088434617201736
0.35088434617201736
0.36073959193424676
0.36073959193424676
0.36073959193424676
0.36073959193424676
0.36073959193424676
0.36073959193424676
0.36073959193424676
0.36073959193424676
0.36015226709803577
0.36015226709803577
0.36015226709803577
0.36015226709803577
0.36015226709803577
0.36015226709803577
0.36015226709803577
0.36015226709803577
0.36014285804790375
0.36014285804790375
0.36014285804790375
0.36014285804790375
0.36014285804790375
0.36014285804790375
0.36014285804790375
0.36014285804790375
0.36014285804790375
0.36014285804790375
0.36014285804790375
0.36014285804790375
0.36014285804790375
0.3231960217901209
0.3231960217901209
0.31769947273257504
0.31769947273257504
0.31769947273257504
0.31769947273257504
0.31769640904102325
0.3176964090399288
0.3176964090399288
0.3176964090399288
0.3176964090399288
0.3176964090399288
0.3176964090399288
0.3176964090399288
0.3176964090399288
0.3176964090399288
0.3176964090399288
0.3176964090399288
0.3176964090399288
0.3176964090399288
0.3176964090399288
0.3176964090399288
0.3176964090399288
0.3176964090399288
0.315862518828853
0.315862518828853
0.315862518828853
0.315862518828853
0.315862518828853
0.315862518828853
0.315862518828853
0.3158625188277831
0.31585766090828443
0.31585766090828443
0.31585766090828443
0.31585766090828443
0.31585766090828443
0.31585766090828443
0.31585766090828443
0.31585766090828443
0.3156889875149051
0.3156889875149051
0.3156889875149051
0.31568898751490343
0.31568898751490343
0.31568898751488494
0.31568898751488494
0.31568898751488494
0.31568898751488494
0.31568898751488494
0.3156889875142874
0.31548937813876293
0.3154716494636815
0.3154716494630432
0.3154716494630432
0.3154716494630432
0.3154716494630432
0.3154716494630432
0.3154716494630432
0.3154716494630432
0.316953997091789
0.316953997091789
0.3168925208113564
0.31689252081098274
0.31684388019022214
0.31684388019022214
0.28704829013815386
0.28704536295583405
0.28704536295583405
0.28704536295583405
0.2454427751074328
0.2362177737742398
0.23482805908394921
0.23476930384266118
0.23456459338021973
0.23373294091115268
0.23372808456008445
0.23372808456008445
0.23370423754977565
0.23370195806647542
0.23364703047104132
0.23356798546331756
0.2334327931900024
0.23342844512092267
0.23307964597933437
0.2330789675301029
0.23307731637263962
0.2330769265089188
0.2330769265089188
0.23307649400605507
0.23307649400605507
0.2330762949843599
0.23307615460665684
0.23307601973350126
0.23307598631780027
0.2330758445108915
0.23307584110227
0.23307584110227
0.23307584110227
0.23307584110227
0.23307584110227
0.23307576934874108
0.23307573816791363
0.23307573816791363
0.23307573816791363
0.23307562001207094
0.23307526522830319
0.23307526522830319
0.23307526522830319
0.23307526522830319
0.23307526522830319
0.23307525354263098
0.2330752431114748
0.23307511460310798
0.23307502408488676
0.23307489936752737
0.23307480829852012
0.23307480829852012
0.23307480829852012
0.23307479206768256
0.23307479206768256
0.23307465857364854
0.23307465857364854
0.23307458520295984
0.23307446817905172
0.23307442782211513
0.23307442782211513
0.23307442782211513
0.23307442782211513
0.23307442775110268
0.23307441650032482
0.23307441650032482
0.23307441650032482
0.23307441650032482
0.23307441650032482
0.233074389555799
0.233074389555799
0.233074389555799
0.233074389555799
0.233074389555799
0.233074389555799
0.233074389555799
0.233074389555799
0.23307436034575987
0.23307436034575987
0.23307436034575987
0.23307436034575987
0.23307436034575987
0.23307436034575987
0.23307436034575987
0.23307436034575987
0.23307436034575987
0.23307436034575987
0.23307436034575987
